0 0.308894 0.602163 0.027644 0.213942
0 0.153846 0.612981 0.028846 0.146635
0 0.360577 0.626202 0.021635 0.237981
0 0.584135 0.674279 0.062500 0.234375
1 0.920494 0.600252 0.110701 0.437054
1 0.634959 0.604228 0.119907 0.496149
1 0.469594 0.593412 0.082517 0.358491
1 0.396571 0.576661 0.083834 0.302712
1 0.118313 0.539782 0.078822 0.309417
1 0.534513 0.591183 0.080634 0.358678
1 0.052453 0.542032 0.071256 0.225666
1 0.215907 0.560054 0.069265 0.292366
1 0.272444 0.557756 0.062445 0.301988
1 0.344824 0.587670 0.079935 0.284872
1 0.031250 0.424679 0.027244 0.088141
1 0.316506 0.479167 0.030449 0.155449
1 0.166667 0.455929 0.035256 0.112179
1 0.183494 0.531250 0.040064 0.250000
