0 0.820913 0.599760 0.121394 0.188702
0 0.933894 0.614183 0.088942 0.260817
0 0.701923 0.618990 0.175481 0.228365
0 0.283654 0.661058 0.182692 0.400240
0 0.500000 0.675481 0.135817 0.338942
1 0.240081 0.444719 0.180360 0.792338
1 0.837338 0.473698 0.142947 0.613457
1 0.380609 0.444712 0.139423 0.839744
1 0.515224 0.499199 0.136218 0.705128
1 0.578526 0.459135 0.086538 0.673077
1 0.667468 0.486378 0.075321 0.583333
1 0.737179 0.466346 0.092949 0.610577
1 0.911859 0.469551 0.054487 0.501603
1 0.957532 0.483974 0.084936 0.562500
