0 0.777644 0.576923 0.036058 0.311298
0 0.723558 0.710337 0.050481 0.426683
0 0.397837 0.787260 0.068510 0.415865
0 0.141827 0.800481 0.064904 0.388221
1 0.682429 0.630311 0.154800 0.573916
1 0.565708 0.681890 0.112097 0.516431
1 0.897958 0.594813 0.114521 0.466359
1 0.115120 0.688683 0.133512 0.621173
1 0.773270 0.538666 0.077246 0.342163
1 0.223245 0.717421 0.132048 0.563682
1 0.461841 0.666095 0.101002 0.572202
1 0.826844 0.458250 0.040596 0.167404
1 0.381914 0.682659 0.175562 0.631293
1 0.442829 0.677718 0.137258 0.613506
