0 0.676683 0.723558 0.021635 0.137019
0 0.419471 0.776442 0.025240 0.240385
0 0.084135 0.800481 0.087740 0.388221
0 0.326923 0.822115 0.050481 0.343750
1 0.524609 0.706641 0.077344 0.361719
1 0.346094 0.763281 0.096484 0.445312
1 0.128125 0.723828 0.145410 0.546094
1 0.599219 0.696484 0.058984 0.299219
1 0.767578 0.643750 0.032031 0.148437
1 0.737500 0.665625 0.039453 0.185547
1 0.457812 0.721875 0.065625 0.273828
1 0.288867 0.601953 0.100781 0.271875
1 0.288672 0.714844 0.099219 0.481250
1 0.673878 0.675481 0.046474 0.250000
1 0.705128 0.669071 0.038462 0.205128
1 0.805288 0.656250 0.030449 0.147436
1 0.843750 0.641827 0.024038 0.112179
