0 0.275240 0.495192 0.020433 0.087740
0 0.330529 0.526442 0.013221 0.096154
0 0.342548 0.538462 0.007212 0.128606
0 0.364183 0.555288 0.014423 0.147837
0 0.427885 0.626202 0.021635 0.205529
0 0.512019 0.675481 0.040865 0.205529
1 0.773438 0.708594 0.160938 0.578516
1 0.596875 0.726562 0.153516 0.541016
1 0.452734 0.567188 0.069531 0.257031
1 0.391797 0.527344 0.067773 0.225000
1 0.281250 0.466406 0.030273 0.114453
1 0.741016 0.541406 0.070312 0.290820
1 0.276563 0.460938 0.038477 0.119922
1 0.331250 0.485156 0.043750 0.145313
