0 0.109375 0.570913 0.027644 0.067308
0 0.158654 0.618990 0.044471 0.087740
0 0.218750 0.651442 0.038462 0.087740
0 0.229567 0.657452 0.013221 0.152644
0 0.314904 0.722356 0.105769 0.201923
0 0.481971 0.772837 0.046875 0.290865
0 0.575721 0.835337 0.080529 0.322115
1 0.553516 0.695703 0.139844 0.592969
1 0.902344 0.737891 0.190625 0.516406
1 0.284570 0.588281 0.106250 0.365625
1 0.698047 0.739062 0.179687 0.518359
1 0.389063 0.643750 0.103320 0.453125
1 0.806250 0.590625 0.095703 0.208984
1 0.219922 0.571094 0.058496 0.223047
1 0.142773 0.526953 0.049316 0.186719
1 0.100962 0.491186 0.035256 0.150641
1 0.181090 0.562500 0.051282 0.203526
1 0.151442 0.387019 0.033654 0.099359
1 0.072917 0.413462 0.024038 0.075321
