0 0.614183 0.391827 0.056490 0.191106
0 0.074519 0.447115 0.032452 0.138221
0 0.652644 0.518029 0.141827 0.397837
0 0.360577 0.562500 0.044471 0.532452
0 0.067308 0.675481 0.062500 0.280048
1 0.158887 0.519531 0.200977 0.882812
1 0.411719 0.459375 0.151953 0.799609
1 0.528906 0.546094 0.180859 0.807812
1 0.801563 0.444531 0.182031 0.597266
1 0.707031 0.436328 0.147266 0.607031
1 0.904687 0.414844 0.089063 0.540625
1 0.728516 0.425781 0.103906 0.596094
1 0.826562 0.422656 0.121484 0.541797
1 0.923437 0.405078 0.119531 0.532812
1 0.565625 0.239844 0.048047 0.166797
1 0.641797 0.414062 0.105469 0.568750
