0 0.385817 0.391827 0.056490 0.191106
0 0.925481 0.447115 0.032452 0.138221
0 0.347356 0.518029 0.141827 0.397837
0 0.639423 0.562500 0.044471 0.532452
0 0.932692 0.675481 0.062500 0.280048
1 0.290625 0.420312 0.145898 0.579687
1 0.833594 0.518750 0.205859 0.845312
1 0.587500 0.459375 0.148438 0.793750
1 0.198340 0.444141 0.182227 0.603906
1 0.462500 0.543359 0.184766 0.807031
1 0.037671 0.399609 0.072314 0.542187
1 0.435156 0.240234 0.046484 0.162305
1 0.099707 0.404687 0.100977 0.523828
1 0.460938 0.537500 0.138672 0.742578
1 0.385417 0.364583 0.049679 0.496795
