0 0.777644 0.469952 0.036058 0.301683
0 0.199519 0.598558 0.032452 0.086538
0 0.264423 0.705529 0.084135 0.277644
0 0.393029 0.740385 0.057692 0.471154
1 0.091699 0.591797 0.172656 0.461719
1 0.654297 0.669922 0.198438 0.638281
1 0.289648 0.563672 0.149219 0.437500
1 0.826562 0.401953 0.102344 0.337305
1 0.459766 0.653125 0.236523 0.644141
1 0.906250 0.335547 0.073437 0.230273
1 0.354102 0.350781 0.101172 0.152930
1 0.606250 0.369531 0.097266 0.159180
1 0.724219 0.425781 0.105078 0.246875
1 0.748828 0.323437 0.073438 0.161914
1 0.649038 0.283654 0.083333 0.116987
1 0.843750 0.231571 0.033654 0.067308
1 0.723558 0.230769 0.030449 0.052885
1 0.673878 0.229167 0.040064 0.059295
1 0.850160 0.199519 0.024038 0.054487
1 0.813301 0.201122 0.024038 0.048077
1 0.782853 0.196314 0.014423 0.028846
1 0.746795 0.212340 0.022436 0.057692
1 0.411058 0.280449 0.091346 0.136218
