1 0.6473214285714286 0.7834821428571429 0.234375 0.42857142857142855
1 0.5022321428571429 0.7589285714285714 0.14732142857142858 0.47767857142857145
1 0.36160714285714285 0.7008928571428571 0.12276785714285714 0.5959821428571429
1 0.5558035714285714 0.3549107142857143 0.049107142857142856 0.3794642857142857
1 0.44419642857142855 0.6272321428571429 0.10267857142857142 0.5178571428571429
1 0.421875 0.5200892857142857 0.07142857142857142 0.41294642857142855
1 0.8861607142857143 0.8526785714285714 0.20089285714285715 0.28794642857142855
1 0.6629464285714286 0.4575892857142857 0.08482142857142858 0.37276785714285715
1 0.5602678571428571 0.48214285714285715 0.125 0.40401785714285715
1 0.6116071428571429 0.3125 0.06696428571428571 0.3080357142857143
1 0.7946428571428571 0.20982142857142858 0.024553571428571428 0.1875
