1 0.7723214285714286 0.7433035714285714 0.19196428571428573 0.4642857142857143
1 0.5602678571428571 0.7767857142857143 0.19642857142857142 0.44642857142857145
1 0.4486607142857143 0.8526785714285714 0.20089285714285715 0.29464285714285715
1 0.59375 0.49107142857142855 0.12946428571428573 0.4642857142857143
1 0.65625 0.3861607142857143 0.09821428571428571 0.38392857142857145
1 0.421875 0.6674107142857143 0.14285714285714285 0.5133928571428571
1 0.5825892857142857 0.3392857142857143 0.11607142857142858 0.39732142857142855
1 0.5066964285714286 0.40625 0.11607142857142858 0.4330357142857143
1 0.4575892857142857 0.37723214285714285 0.10714285714285714 0.3482142857142857
1 0.4017857142857143 0.453125 0.10714285714285714 0.3169642857142857
1 0.8638392857142857 0.8035714285714286 0.20535714285714285 0.33482142857142855
