1 0.5892857142857143 0.7633928571428571 0.18303571428571427 0.4642857142857143
1 0.31919642857142855 0.8191964285714286 0.13839285714285715 0.36160714285714285
1 0.359375 0.7611607142857143 0.22767857142857142 0.47767857142857145
1 0.25223214285714285 0.734375 0.13839285714285715 0.53125
1 0.3236607142857143 0.5535714285714286 0.16517857142857142 0.49107142857142855
1 0.4486607142857143 0.5133928571428571 0.12053571428571429 0.5758928571428571
1 0.6316964285714286 0.4330357142857143 0.11607142857142858 0.42410714285714285
1 0.7700892857142857 0.7008928571428571 0.20089285714285715 0.5669642857142857
1 0.8973214285714286 0.7946428571428571 0.20535714285714285 0.35714285714285715
1 0.7633928571428571 0.3482142857142857 0.09375 0.38839285714285715
1 0.6584821428571429 0.34151785714285715 0.10714285714285714 0.35714285714285715
1 0.8638392857142857 0.6584821428571429 0.125 0.4642857142857143
1 0.6674107142857143 0.6160714285714286 0.15625 0.5625
1 0.5401785714285714 0.43973214285714285 0.10267857142857142 0.3169642857142857
1 0.4955357142857143 0.703125 0.14285714285714285 0.59375
1 0.5267857142857143 0.546875 0.14285714285714285 0.42857142857142855
1 0.6986607142857143 0.3638392857142857 0.08035714285714286 0.3705357142857143
