1 0.8370535714285714 0.45089285714285715 0.125 0.45089285714285715
1 0.6919642857142857 0.44642857142857145 0.12053571428571429 0.49107142857142855
1 0.5758928571428571 0.49107142857142855 0.14285714285714285 0.5357142857142857
1 0.4732142857142857 0.47544642857142855 0.13839285714285715 0.48660714285714285
1 0.21875 0.6227678571428571 0.15625 0.5446428571428571
1 0.08482142857142858 0.8504464285714286 0.14285714285714285 0.29910714285714285
1 0.4263392857142857 0.6986607142857143 0.18303571428571427 0.6026785714285714
1 0.6049107142857143 0.8325892857142857 0.19642857142857142 0.33035714285714285
1 0.12276785714285714 0.22321428571428573 0.03571428571428571 0.14285714285714285
1 0.5223214285714286 0.05580357142857143 0.017857142857142856 0.07142857142857142
1 0.5022321428571429 0.05803571428571429 0.022321428571428572 0.06696428571428571
1 0.3013392857142857 0.6316964285714286 0.13839285714285715 0.5357142857142857
1 0.3861607142857143 0.5290178571428571 0.11607142857142858 0.4017857142857143
