1 0.8526785714285714 0.5558035714285714 0.17410714285714285 0.48214285714285715
1 0.8638392857142857 0.7522321428571429 0.27232142857142855 0.40625
1 0.7522321428571429 0.203125 0.08928571428571429 0.23214285714285715
1 0.8325892857142857 0.1875 0.0625 0.21428571428571427
1 0.796875 0.19419642857142858 0.08482142857142858 0.24107142857142858
1 0.8013392857142857 0.17857142857142858 0.07142857142857142 0.20535714285714285
1 0.06919642857142858 0.28794642857142855 0.05357142857142857 0.15625
1 0.12053571428571429 0.25 0.044642857142857144 0.125
1 0.15178571428571427 0.23883928571428573 0.044642857142857144 0.12946428571428573
1 0.18080357142857142 0.21651785714285715 0.049107142857142856 0.12053571428571429
1 0.21428571428571427 0.20758928571428573 0.044642857142857144 0.10714285714285714
1 0.23660714285714285 0.18080357142857142 0.044642857142857144 0.10714285714285714
1 0.32589285714285715 0.13169642857142858 0.04017857142857143 0.09375
1 0.34151785714285715 0.11830357142857142 0.03125 0.08928571428571429
1 0.4263392857142857 0.08482142857142858 0.026785714285714284 0.07589285714285714
1 0.4107142857142857 0.08258928571428571 0.026785714285714284 0.08035714285714286
1 0.453125 0.078125 0.026785714285714284 0.07589285714285714
1 0.7254464285714286 0.05133928571428571 0.03125 0.08482142857142858
1 0.5290178571428571 0.06473214285714286 0.03125 0.08482142857142858
1 0.7589285714285714 0.060267857142857144 0.022321428571428572 0.08035714285714286
1 0.8080357142857143 0.046875 0.026785714285714284 0.07589285714285714
1 0.7566964285714286 0.18526785714285715 0.05803571428571429 0.19642857142857142
