1 0.28125 0.7767857142857143 0.20535714285714285 0.44642857142857145
1 0.6116071428571429 0.6696428571428571 0.20535714285714285 0.6473214285714286
1 0.9352678571428571 0.7745535714285714 0.12946428571428573 0.35267857142857145
1 0.6473214285714286 0.359375 0.14285714285714285 0.41517857142857145
1 0.609375 0.671875 0.20089285714285715 0.6428571428571429
1 0.5111607142857143 0.6986607142857143 0.16964285714285715 0.5446428571428571
1 0.453125 0.5959821428571429 0.18303571428571427 0.5089285714285714
1 0.6741071428571429 0.8013392857142857 0.18303571428571427 0.36607142857142855
1 0.8035714285714286 0.6830357142857143 0.19642857142857142 0.5714285714285714
1 0.7700892857142857 0.3013392857142857 0.10714285714285714 0.3392857142857143
1 0.5491071428571429 0.49330357142857145 0.12946428571428573 0.48214285714285715
1 0.890625 0.6116071428571429 0.21875 0.6071428571428571
