1 0.8928571428571429 0.5691964285714286 0.15625 0.5267857142857143
1 0.8794642857142857 0.7209821428571429 0.16071428571428573 0.5223214285714286
1 0.7276785714285714 0.6049107142857143 0.13392857142857142 0.59375
1 0.46651785714285715 0.6049107142857143 0.11607142857142858 0.5669642857142857
1 0.6696428571428571 0.28125 0.05357142857142857 0.28125
1 0.6294642857142857 0.24553571428571427 0.0625 0.25892857142857145
1 0.6227678571428571 0.40625 0.10714285714285714 0.38839285714285715
1 0.859375 0.3705357142857143 0.08035714285714286 0.35714285714285715
1 0.6049107142857143 0.6808035714285714 0.16071428571428573 0.6026785714285714
1 0.4575892857142857 0.5691964285714286 0.11607142857142858 0.5625
1 0.7276785714285714 0.3125 0.08928571428571429 0.23214285714285715
