1 0.25 0.765625 0.16071428571428573 0.46205357142857145
1 0.47098214285714285 0.8035714285714286 0.15178571428571427 0.3861607142857143
1 0.71875 0.8504464285714286 0.24553571428571427 0.29464285714285715
1 0.8973214285714286 0.7388392857142857 0.16294642857142858 0.5178571428571429
1 0.7767857142857143 0.7165178571428571 0.109375 0.5267857142857143
1 0.8973214285714286 0.6450892857142857 0.10267857142857142 0.44419642857142855
1 0.96875 0.609375 0.060267857142857144 0.5625
1 0.8883928571428571 0.4955357142857143 0.09821428571428571 0.515625
1 0.7633928571428571 0.5066964285714286 0.12276785714285714 0.4575892857142857
1 0.7544642857142857 0.45089285714285715 0.11383928571428571 0.4330357142857143
1 0.6741071428571429 0.47098214285714285 0.09151785714285714 0.44419642857142855
1 0.4888392857142857 0.5513392857142857 0.08482142857142858 0.49330357142857145
1 0.7276785714285714 0.390625 0.05803571428571429 0.38392857142857145
1 0.6294642857142857 0.38392857142857145 0.08705357142857142 0.4107142857142857
