1 0.14955357142857142 0.7455357142857143 0.20089285714285715 0.5089285714285714
1 0.515625 0.6183035714285714 0.1875 0.6696428571428571
1 0.3638392857142857 0.7477678571428571 0.16517857142857142 0.5044642857142857
1 0.5200892857142857 0.84375 0.19642857142857142 0.3125
1 0.9084821428571429 0.7767857142857143 0.18303571428571427 0.4017857142857143
1 0.9308035714285714 0.6741071428571429 0.13839285714285715 0.48214285714285715
1 0.84375 0.453125 0.09375 0.42410714285714285
1 0.8348214285714286 0.5133928571428571 0.15178571428571427 0.49107142857142855
1 0.7901785714285714 0.4642857142857143 0.08035714285714286 0.46875
1 0.7366071428571429 0.43080357142857145 0.09821428571428571 0.49107142857142855
