1 0.296875 0.6986607142857143 0.21875 0.6026785714285714
1 0.8058035714285714 0.32589285714285715 0.10714285714285714 0.32142857142857145
1 0.9241071428571429 0.3013392857142857 0.05803571428571429 0.20982142857142858
1 0.9464285714285714 0.44642857142857145 0.09375 0.41517857142857145
1 0.9040178571428571 0.4419642857142857 0.11160714285714286 0.4330357142857143
1 0.7790178571428571 0.48660714285714285 0.10714285714285714 0.5178571428571429
1 0.8191964285714286 0.6160714285714286 0.14285714285714285 0.5625
1 0.8928571428571429 0.6004464285714286 0.16517857142857142 0.5625
1 0.9464285714285714 0.6272321428571429 0.10714285714285714 0.5580357142857143
1 0.9375 0.6808035714285714 0.125 0.5758928571428571
