1 0.6049107142857143 0.7589285714285714 0.20535714285714285 0.46875
1 0.33705357142857145 0.8214285714285714 0.15625 0.35714285714285715
1 0.375 0.7611607142857143 0.25 0.47767857142857145
1 0.265625 0.7388392857142857 0.16517857142857142 0.5223214285714286
1 0.328125 0.5625 0.19196428571428573 0.4955357142857143
1 0.45089285714285715 0.515625 0.15178571428571427 0.5803571428571429
1 0.6272321428571429 0.4263392857142857 0.13839285714285715 0.42410714285714285
1 0.7790178571428571 0.6852678571428571 0.22767857142857142 0.5758928571428571
1 0.8995535714285714 0.7767857142857143 0.20089285714285715 0.36607142857142855
1 0.7544642857142857 0.33482142857142855 0.11607142857142858 0.38839285714285715
1 0.6495535714285714 0.3325892857142857 0.125 0.36160714285714285
1 0.8727678571428571 0.6383928571428571 0.14732142857142858 0.46875
1 0.671875 0.6071428571428571 0.18303571428571427 0.5625
1 0.5379464285714286 0.4375 0.11607142857142858 0.3169642857142857
1 0.5044642857142857 0.7008928571428571 0.16964285714285715 0.5982142857142857
1 0.5290178571428571 0.546875 0.16517857142857142 0.4330357142857143
1 0.6919642857142857 0.35267857142857145 0.09821428571428571 0.3705357142857143
