1 0.22098214285714285 0.6495535714285714 0.22321428571428573 0.6339285714285714
1 0.06473214285714286 0.7321428571428571 0.12946428571428573 0.41964285714285715
1 0.4017857142857143 0.6919642857142857 0.20089285714285715 0.5982142857142857
1 0.35044642857142855 0.5714285714285714 0.15178571428571427 0.5178571428571429
1 0.6517857142857143 0.6941964285714286 0.20535714285714285 0.6116071428571429
1 0.75 0.6875 0.19642857142857142 0.625
1 0.5513392857142857 0.6339285714285714 0.21428571428571427 0.6160714285714286
1 0.796875 0.47098214285714285 0.16517857142857142 0.41964285714285715
1 0.6919642857142857 0.3325892857142857 0.11160714285714286 0.33482142857142855
1 0.625 0.38169642857142855 0.11607142857142858 0.34375
1 0.4375 0.5513392857142857 0.16964285714285715 0.5089285714285714
