1 0.8258928571428571 0.671875 0.22321428571428573 0.65625
1 0.71875 0.5915178571428571 0.16517857142857142 0.7008928571428571
1 0.49107142857142855 0.65625 0.1875 0.6875
1 0.4263392857142857 0.7075892857142857 0.20089285714285715 0.5803571428571429
1 0.33035714285714285 0.796875 0.19196428571428573 0.38392857142857145
1 0.1875 0.7946428571428571 0.19642857142857142 0.35714285714285715
1 0.18080357142857142 0.6919642857142857 0.15625 0.5044642857142857
1 0.06696428571428571 0.7299107142857143 0.13392857142857142 0.45089285714285715
1 0.546875 0.7834821428571429 0.18303571428571427 0.4330357142857143
1 0.6294642857142857 0.6941964285714286 0.1875 0.6116071428571429
1 0.7366071428571429 0.5691964285714286 0.15178571428571427 0.5044642857142857
