1 0.6964285714285714 0.796875 0.22321428571428573 0.375
1 0.9174107142857143 0.8035714285714286 0.16517857142857142 0.30357142857142855
1 0.8459821428571429 0.6964285714285714 0.21428571428571427 0.5401785714285714
1 0.5223214285714286 0.5379464285714286 0.14285714285714285 0.45982142857142855
1 0.59375 0.34598214285714285 0.09375 0.34375
1 0.9196428571428571 0.5446428571428571 0.16071428571428573 0.45535714285714285
1 0.6540178571428571 0.6049107142857143 0.21875 0.5758928571428571
1 0.6897321428571429 0.45089285714285715 0.13392857142857142 0.39285714285714285
1 0.7455357142857143 0.34375 0.11160714285714286 0.33482142857142855
1 0.48214285714285715 0.43080357142857145 0.13392857142857142 0.45982142857142855
1 0.5357142857142857 0.4419642857142857 0.12946428571428573 0.42410714285714285
1 0.8348214285714286 0.3236607142857143 0.12053571428571429 0.41964285714285715
1 0.7834821428571429 0.3080357142857143 0.10714285714285714 0.3080357142857143
