1 0.6004464285714286 0.765625 0.14732142857142858 0.46875
1 0.5178571428571429 0.4263392857142857 0.12053571428571429 0.375
1 0.375 0.7321428571428571 0.1875 0.5044642857142857
1 0.5066964285714286 0.6294642857142857 0.11607142857142858 0.4642857142857143
1 0.7410714285714286 0.6116071428571429 0.16517857142857142 0.6383928571428571
1 0.8973214285714286 0.6339285714285714 0.12946428571428573 0.5491071428571429
1 0.8258928571428571 0.8504464285714286 0.13392857142857142 0.29910714285714285
1 0.7723214285714286 0.24776785714285715 0.05357142857142857 0.20089285714285715
1 0.8125 0.47544642857142855 0.09821428571428571 0.4955357142857143
1 0.8392857142857143 0.234375 0.04017857142857143 0.18303571428571427
