1 0.6473214285714286 0.6049107142857143 0.10491071428571429 0.5825892857142857
1 0.75 0.6941964285714286 0.12053571428571429 0.6071428571428571
1 0.6004464285714286 0.3794642857142857 0.08258928571428571 0.36607142857142855
1 0.42857142857142855 0.7901785714285714 0.14955357142857142 0.41294642857142855
1 0.328125 0.7142857142857143 0.10044642857142858 0.5691964285714286
1 0.25 0.7566964285714286 0.14285714285714285 0.48214285714285715
1 0.9151785714285714 0.6674107142857143 0.16517857142857142 0.6383928571428571
1 0.046875 0.7589285714285714 0.09151785714285714 0.47767857142857145
1 0.24553571428571427 0.6897321428571429 0.125 0.6183035714285714
1 0.5513392857142857 0.6584821428571429 0.11830357142857142 0.6808035714285714
1 0.375 0.6584821428571429 0.10267857142857142 0.6785714285714286
1 0.8214285714285714 0.4330357142857143 0.109375 0.49776785714285715
