1 0.22991071428571427 0.7477678571428571 0.18303571428571427 0.4732142857142857
1 0.5758928571428571 0.6830357142857143 0.16964285714285715 0.6339285714285714
1 0.9040178571428571 0.8415178571428571 0.16517857142857142 0.3169642857142857
1 0.671875 0.38839285714285715 0.125 0.4107142857142857
1 0.5736607142857143 0.6852678571428571 0.16517857142857142 0.6294642857142857
1 0.4732142857142857 0.6964285714285714 0.14285714285714285 0.5401785714285714
1 0.43526785714285715 0.5848214285714286 0.15625 0.5044642857142857
1 0.6138392857142857 0.8236607142857143 0.16517857142857142 0.35267857142857145
1 0.7633928571428571 0.7254464285714286 0.16964285714285715 0.5491071428571429
1 0.8035714285714286 0.3549107142857143 0.08928571428571429 0.3392857142857143
1 0.5491071428571429 0.5044642857142857 0.10267857142857142 0.47767857142857145
1 0.8660714285714286 0.6875 0.20089285714285715 0.6026785714285714
