1 0.265625 0.7366071428571429 0.19196428571428573 0.5267857142857143
1 0.3325892857142857 0.5803571428571429 0.13839285714285715 0.5535714285714286
1 0.5647321428571429 0.8058035714285714 0.16964285714285715 0.38839285714285715
1 0.59375 0.5647321428571429 0.18303571428571427 0.59375
1 0.5111607142857143 0.5267857142857143 0.14285714285714285 0.5625
1 0.5959821428571429 0.4888392857142857 0.08928571428571429 0.45089285714285715
1 0.8169642857142857 0.4419642857142857 0.10267857142857142 0.47767857142857145
1 0.6852678571428571 0.2857142857142857 0.08482142857142858 0.30357142857142855
1 0.7589285714285714 0.2857142857142857 0.07142857142857142 0.2857142857142857
1 0.9241071428571429 0.7276785714285714 0.15178571428571427 0.5
1 0.5357142857142857 0.6808035714285714 0.17857142857142858 0.6383928571428571
