1 0.4799107142857143 0.8727678571428571 0.20982142857142858 0.2544642857142857
1 0.26339285714285715 0.890625 0.20535714285714285 0.21875
1 0.7008928571428571 0.6629464285714286 0.20535714285714285 0.6071428571428571
1 0.375 0.6049107142857143 0.15625 0.5044642857142857
1 0.25223214285714285 0.7678571428571429 0.22767857142857142 0.4642857142857143
1 0.5915178571428571 0.5200892857142857 0.17410714285714285 0.53125
1 0.7857142857142857 0.5669642857142857 0.19642857142857142 0.6473214285714286
1 0.8571428571428571 0.4955357142857143 0.16517857142857142 0.5
1 0.90625 0.6473214285714286 0.1875 0.6160714285714286
1 0.6986607142857143 0.41517857142857145 0.11607142857142858 0.41964285714285715
1 0.45089285714285715 0.6875 0.25 0.625
