1 0.8392857142857143 0.609375 0.10044642857142858 0.47098214285714285
1 0.8549107142857143 0.8125 0.2857142857142857 0.36830357142857145
1 0.7946428571428571 0.24553571428571427 0.05357142857142857 0.22767857142857142
1 0.8772321428571429 0.24330357142857142 0.029017857142857144 0.21428571428571427
1 0.8415178571428571 0.24553571428571427 0.049107142857142856 0.23660714285714285
1 0.8482142857142857 0.22991071428571427 0.03794642857142857 0.203125
1 0.10714285714285714 0.22321428571428573 0.029017857142857144 0.15178571428571427
1 0.16517857142857142 0.19419642857142858 0.026785714285714284 0.12276785714285714
1 0.19642857142857142 0.1875 0.024553571428571428 0.125
1 0.22991071428571427 0.16964285714285715 0.03125 0.11607142857142858
1 0.26339285714285715 0.16741071428571427 0.026785714285714284 0.10267857142857142
1 0.29017857142857145 0.14285714285714285 0.026785714285714284 0.10491071428571429
1 0.3861607142857143 0.109375 0.024553571428571428 0.08928571428571429
1 0.40401785714285715 0.09821428571428571 0.015625 0.08705357142857142
1 0.49330357142857145 0.078125 0.015625 0.07366071428571429
1 0.47767857142857145 0.07366071428571429 0.015625 0.08035714285714286
1 0.5200892857142857 0.07589285714285714 0.013392857142857142 0.07589285714285714
1 0.7924107142857143 0.09151785714285714 0.017857142857142856 0.08258928571428571
1 0.5959821428571429 0.07366071428571429 0.017857142857142856 0.08258928571428571
1 0.8236607142857143 0.10714285714285714 0.011160714285714286 0.078125
1 0.875 0.10044642857142858 0.013392857142857142 0.07366071428571429
1 0.8035714285714286 0.22991071428571427 0.026785714285714284 0.19642857142857142
