1 0.609375 0.7633928571428571 0.13169642857142858 0.46875
1 0.515625 0.4263392857142857 0.109375 0.37276785714285715
1 0.38392857142857145 0.7366071428571429 0.16964285714285715 0.5
1 0.5111607142857143 0.6294642857142857 0.10044642857142858 0.46205357142857145
1 0.7455357142857143 0.6026785714285714 0.14508928571428573 0.6316964285714286
1 0.9017857142857143 0.6205357142857143 0.11160714285714286 0.5446428571428571
1 0.8392857142857143 0.8459821428571429 0.12276785714285714 0.30357142857142855
1 0.7633928571428571 0.23883928571428573 0.044642857142857144 0.20089285714285715
1 0.8125 0.4642857142857143 0.08035714285714286 0.49330357142857145
1 0.8303571428571429 0.22321428571428573 0.03571428571428571 0.18080357142857142
