1 0.2767857142857143 0.703125 0.23214285714285715 0.59375
1 0.125 0.8214285714285714 0.19642857142857142 0.35714285714285715
1 0.46205357142857145 0.7053571428571429 0.20982142857142858 0.5892857142857143
1 0.37723214285714285 0.6116071428571429 0.16071428571428573 0.5178571428571429
1 0.7053571428571429 0.6540178571428571 0.21428571428571427 0.6339285714285714
1 0.7991071428571429 0.6138392857142857 0.20535714285714285 0.6383928571428571
1 0.5870535714285714 0.6116071428571429 0.22321428571428573 0.6160714285714286
1 0.7767857142857143 0.3861607142857143 0.17410714285714285 0.41964285714285715
1 0.6361607142857143 0.28348214285714285 0.11607142857142858 0.33482142857142855
1 0.5848214285714286 0.35044642857142855 0.125 0.34375
1 0.4575892857142857 0.5669642857142857 0.17857142857142858 0.5089285714285714
