1 0.17410714285714285 0.7589285714285714 0.24107142857142858 0.48214285714285715
1 0.5245535714285714 0.6160714285714286 0.24107142857142858 0.6785714285714286
1 0.38839285714285715 0.7522321428571429 0.20535714285714285 0.4955357142857143
1 0.546875 0.8370535714285714 0.21875 0.32589285714285715
1 0.9107142857142857 0.7433035714285714 0.17857142857142858 0.41517857142857145
1 0.9263392857142857 0.6361607142857143 0.14732142857142858 0.48660714285714285
1 0.8392857142857143 0.42410714285714285 0.12946428571428573 0.42857142857142855
1 0.8325892857142857 0.484375 0.19196428571428573 0.4955357142857143
1 0.7857142857142857 0.43973214285714285 0.12053571428571429 0.46875
1 0.7276785714285714 0.4107142857142857 0.13839285714285715 0.4955357142857143
