1 0.7946428571428571 0.7075892857142857 0.16964285714285715 0.5669642857142857
1 0.6607142857142857 0.484375 0.12946428571428573 0.5223214285714286
1 0.5803571428571429 0.5111607142857143 0.10267857142857142 0.4955357142857143
1 0.42410714285714285 0.7299107142857143 0.14285714285714285 0.5401785714285714
1 0.07589285714285714 0.8214285714285714 0.14285714285714285 0.35714285714285715
1 0.5245535714285714 0.6584821428571429 0.15178571428571427 0.5223214285714286
1 0.9129464285714286 0.78125 0.16071428571428573 0.4107142857142857
1 0.203125 0.8950892857142857 0.16517857142857142 0.20982142857142858
1 0.5334821428571429 0.8125 0.16964285714285715 0.375
1 0.7544642857142857 0.2544642857142857 0.05357142857142857 0.22321428571428573
