1 0.29017857142857145 0.7767857142857143 0.22321428571428573 0.44642857142857145
1 0.5133928571428571 0.8013392857142857 0.20535714285714285 0.39732142857142855
1 0.765625 0.8169642857142857 0.2857142857142857 0.32589285714285715
1 0.9040178571428571 0.6785714285714286 0.19196428571428573 0.5357142857142857
1 0.8035714285714286 0.6763392857142857 0.18303571428571427 0.5357142857142857
1 0.9129464285714286 0.5892857142857143 0.16517857142857142 0.45535714285714285
1 0.9553571428571429 0.5424107142857143 0.08928571428571429 0.5669642857142857
1 0.8839285714285714 0.4419642857142857 0.16964285714285715 0.5223214285714286
1 0.7611607142857143 0.47098214285714285 0.18303571428571427 0.46875
1 0.7455357142857143 0.41517857142857145 0.17410714285714285 0.44642857142857145
1 0.6674107142857143 0.44642857142857145 0.15178571428571427 0.45089285714285715
1 0.4955357142857143 0.5513392857142857 0.15178571428571427 0.5
1 0.7098214285714286 0.359375 0.11160714285714286 0.38839285714285715
1 0.6116071428571429 0.36607142857142855 0.14285714285714285 0.41964285714285715
