1 0.10267857142857142 0.9017857142857143 0.11607142857142858 0.19642857142857142
1 0.19196428571428573 0.8973214285714286 0.15178571428571427 0.20535714285714285
1 0.33705357142857145 0.9508928571428571 0.12946428571428573 0.09821428571428571
1 0.6116071428571429 0.9017857142857143 0.11607142857142858 0.18303571428571427
1 0.9040178571428571 0.7455357142857143 0.17410714285714285 0.4375
1 0.8169642857142857 0.24776785714285715 0.08482142857142858 0.26339285714285715
1 0.8415178571428571 0.22767857142857142 0.06696428571428571 0.26339285714285715
1 0.8660714285714286 0.27232142857142855 0.07589285714285714 0.3080357142857143
1 0.8571428571428571 0.36160714285714285 0.10714285714285714 0.4107142857142857
1 0.40625 0.7589285714285714 0.23214285714285715 0.48214285714285715
1 0.8348214285714286 0.7857142857142857 0.33035714285714285 0.38392857142857145
1 0.9486607142857143 0.6607142857142857 0.10267857142857142 0.5803571428571429
