1 0.3013392857142857 0.8571428571428571 0.19642857142857142 0.2767857142857143
1 0.43080357142857145 0.5 0.08482142857142858 0.45535714285714285
1 0.5223214285714286 0.484375 0.08482142857142858 0.5089285714285714
1 0.6272321428571429 0.40848214285714285 0.07142857142857142 0.41964285714285715
1 0.65625 0.5379464285714286 0.09821428571428571 0.49107142857142855
1 0.7388392857142857 0.5357142857142857 0.08035714285714286 0.5357142857142857
1 0.9575892857142857 0.6830357142857143 0.08035714285714286 0.6339285714285714
1 0.7455357142857143 0.38839285714285715 0.08035714285714286 0.44642857142857145
1 0.8370535714285714 0.5691964285714286 0.10714285714285714 0.5803571428571429
1 0.6808035714285714 0.4732142857142857 0.08928571428571429 0.45535714285714285
