1 0.8772321428571429 0.3638392857142857 0.078125 0.3705357142857143
1 0.8125 0.38839285714285715 0.046875 0.3325892857142857
1 0.8258928571428571 0.4888392857142857 0.078125 0.5133928571428571
1 0.8727678571428571 0.46651785714285715 0.08928571428571429 0.4174107142857143
1 0.9776785714285714 0.453125 0.04241071428571429 0.38169642857142855
1 0.9375 0.5513392857142857 0.10044642857142858 0.48214285714285715
1 0.5022321428571429 0.6071428571428571 0.08928571428571429 0.5714285714285714
1 0.5446428571428571 0.5334821428571429 0.05580357142857143 0.4263392857142857
1 0.43526785714285715 0.6383928571428571 0.13616071428571427 0.6183035714285714
1 0.5982142857142857 0.47544642857142855 0.09598214285714286 0.45535714285714285
1 0.9196428571428571 0.828125 0.15848214285714285 0.33482142857142855
