1 0.13839285714285715 0.7388392857142857 0.171875 0.5178571428571429
1 0.5089285714285714 0.6183035714285714 0.15178571428571427 0.6629464285714286
1 0.35267857142857145 0.7455357142857143 0.13839285714285715 0.5044642857142857
1 0.5022321428571429 0.84375 0.17857142857142858 0.30580357142857145
1 0.8973214285714286 0.8013392857142857 0.171875 0.39285714285714285
1 0.9263392857142857 0.6964285714285714 0.12053571428571429 0.47544642857142855
1 0.8459821428571429 0.47098214285714285 0.07142857142857142 0.421875
1 0.8325892857142857 0.53125 0.12723214285714285 0.484375
1 0.7924107142857143 0.4799107142857143 0.05580357142857143 0.4642857142857143
1 0.7388392857142857 0.44419642857142855 0.07142857142857142 0.4888392857142857
