1 0.39732142857142855 0.7075892857142857 0.15178571428571427 0.5848214285714286
1 0.5513392857142857 0.8236607142857143 0.23214285714285715 0.35267857142857145
1 0.8325892857142857 0.46205357142857145 0.09375 0.42857142857142855
1 0.7410714285714286 0.234375 0.06696428571428571 0.25
1 0.6875 0.24330357142857142 0.07142857142857142 0.27232142857142855
1 0.90625 0.6138392857142857 0.1875 0.5758928571428571
1 0.8816964285714286 0.8169642857142857 0.23660714285714285 0.33035714285714285
1 0.5558035714285714 0.5669642857142857 0.16517857142857142 0.6071428571428571
1 0.23883928571428573 0.7299107142857143 0.19196428571428573 0.5401785714285714
1 0.4955357142857143 0.48214285714285715 0.125 0.5
1 0.609375 0.5089285714285714 0.11607142857142858 0.5267857142857143
1 0.7946428571428571 0.47767857142857145 0.10714285714285714 0.5133928571428571
1 0.6450892857142857 0.42410714285714285 0.10267857142857142 0.4375
1 0.8638392857142857 0.22991071428571427 0.049107142857142856 0.20089285714285715
