1 0.16741071428571427 0.6785714285714286 0.16517857142857142 0.6205357142857143
1 0.35267857142857145 0.6517857142857143 0.16517857142857142 0.6160714285714286
1 0.6897321428571429 0.5580357142857143 0.13839285714285715 0.5758928571428571
1 0.8638392857142857 0.6517857142857143 0.14732142857142858 0.6964285714285714
1 0.7388392857142857 0.4375 0.09821428571428571 0.4375
1 0.6696428571428571 0.4375 0.08482142857142858 0.41517857142857145
1 0.28348214285714285 0.75 0.15625 0.48660714285714285
1 0.11830357142857142 0.8392857142857143 0.16964285714285715 0.2857142857142857
1 0.6004464285714286 0.5178571428571429 0.12053571428571429 0.5401785714285714
1 0.7544642857142857 0.8102678571428571 0.20535714285714285 0.3794642857142857
1 0.859375 0.8058035714285714 0.26339285714285715 0.38839285714285715
