1 0.08482142857142858 0.8325892857142857 0.125 0.3169642857142857
1 0.6383928571428571 0.7611607142857143 0.20535714285714285 0.47767857142857145
1 0.5602678571428571 0.703125 0.14285714285714285 0.5892857142857143
1 0.8482142857142857 0.8392857142857143 0.20535714285714285 0.32142857142857145
1 0.8258928571428571 0.265625 0.017857142857142856 0.049107142857142856
1 0.8013392857142857 0.4486607142857143 0.10267857142857142 0.47767857142857145
1 0.671875 0.5022321428571429 0.10714285714285714 0.48660714285714285
1 0.6941964285714286 0.6540178571428571 0.12946428571428573 0.6160714285714286
1 0.5401785714285714 0.6272321428571429 0.12053571428571429 0.5982142857142857
1 0.875 0.6897321428571429 0.14285714285714285 0.6205357142857143
