1 0.6428571428571429 0.5513392857142857 0.19196428571428573 0.59375
1 0.33035714285714285 0.5870535714285714 0.17410714285714285 0.5446428571428571
1 0.23214285714285715 0.6941964285714286 0.19196428571428573 0.5803571428571429
1 0.22991071428571427 0.8325892857142857 0.24553571428571427 0.33482142857142855
1 0.7767857142857143 0.5535714285714286 0.1875 0.5714285714285714
1 0.7075892857142857 0.45089285714285715 0.15625 0.5089285714285714
1 0.8794642857142857 0.5267857142857143 0.16964285714285715 0.5223214285714286
1 0.9308035714285714 0.5044642857142857 0.13839285714285715 0.4642857142857143
1 0.42857142857142855 0.7879464285714286 0.25 0.42410714285714285
1 0.9129464285714286 0.7455357142857143 0.17410714285714285 0.39285714285714285
1 0.8303571428571429 0.44419642857142855 0.13392857142857142 0.47767857142857145
1 0.7946428571428571 0.39732142857142855 0.13839285714285715 0.4955357142857143
