1 0.75 0.2611607142857143 0.08035714285714286 0.27232142857142855
1 0.7433035714285714 0.296875 0.11607142857142858 0.27232142857142855
1 0.859375 0.49776785714285715 0.11160714285714286 0.40625
1 0.8013392857142857 0.5290178571428571 0.15178571428571427 0.4955357142857143
1 0.71875 0.703125 0.1875 0.59375
1 0.7834821428571429 0.8035714285714286 0.14732142857142858 0.39285714285714285
1 0.25669642857142855 0.7611607142857143 0.21428571428571427 0.4375
1 0.15848214285714285 0.7633928571428571 0.24107142857142858 0.41964285714285715
1 0.625 0.38392857142857145 0.09375 0.30357142857142855
1 0.625 0.625 0.16517857142857142 0.65625
1 0.5066964285714286 0.6383928571428571 0.18303571428571427 0.6428571428571429
1 0.4955357142857143 0.6941964285714286 0.21428571428571427 0.6116071428571429
