1 0.6785714285714286 0.20535714285714285 0.09375 0.27232142857142855
1 0.6830357142857143 0.24107142857142858 0.12946428571428573 0.2767857142857143
1 0.8459821428571429 0.40401785714285715 0.13392857142857142 0.40625
1 0.7991071428571429 0.45089285714285715 0.17410714285714285 0.4955357142857143
1 0.765625 0.6428571428571429 0.21875 0.6071428571428571
1 0.8549107142857143 0.7299107142857143 0.16964285714285715 0.4107142857142857
1 0.33035714285714285 0.7946428571428571 0.23214285714285715 0.4107142857142857
1 0.23660714285714285 0.8147321428571429 0.25892857142857145 0.3705357142857143
1 0.5892857142857143 0.3549107142857143 0.11160714285714286 0.30357142857142855
1 0.6540178571428571 0.5892857142857143 0.19642857142857142 0.65625
1 0.5401785714285714 0.6316964285714286 0.21428571428571427 0.6428571428571429
1 0.546875 0.6897321428571429 0.24553571428571427 0.6205357142857143
