1 0.8839285714285714 0.38392857142857145 0.09821428571428571 0.375
1 0.8169642857142857 0.40401785714285715 0.0625 0.33482142857142855
1 0.8258928571428571 0.5066964285714286 0.10267857142857142 0.5178571428571429
1 0.875 0.48660714285714285 0.11160714285714286 0.41964285714285715
1 0.9732142857142857 0.47767857142857145 0.05357142857142857 0.38392857142857145
1 0.9352678571428571 0.5736607142857143 0.125 0.48660714285714285
1 0.4955357142857143 0.6071428571428571 0.12053571428571429 0.5758928571428571
1 0.5424107142857143 0.5357142857142857 0.07589285714285714 0.42857142857142855
1 0.42857142857142855 0.6339285714285714 0.16964285714285715 0.625
1 0.6004464285714286 0.4799107142857143 0.12053571428571429 0.45982142857142855
1 0.8995535714285714 0.8392857142857143 0.17410714285714285 0.32142857142857145
