1 0.28348214285714285 0.6941964285714286 0.17633928571428573 0.609375
1 0.8169642857142857 0.3482142857142857 0.08482142857142858 0.3169642857142857
1 0.9375 0.33035714285714285 0.04241071428571429 0.20758928571428573
1 0.9486607142857143 0.47767857142857145 0.06473214285714286 0.41294642857142855
1 0.90625 0.47098214285714285 0.08035714285714286 0.42857142857142855
1 0.7790178571428571 0.5066964285714286 0.07142857142857142 0.515625
1 0.8102678571428571 0.6383928571428571 0.10491071428571429 0.5558035714285714
1 0.8839285714285714 0.6272321428571429 0.12723214285714285 0.5535714285714286
1 0.9508928571428571 0.6584821428571429 0.09375 0.5535714285714286
1 0.9397321428571429 0.7120535714285714 0.11160714285714286 0.5714285714285714
