1 0.6674107142857143 0.7723214285714286 0.26339285714285715 0.4419642857142857
1 0.5178571428571429 0.7566964285714286 0.17857142857142858 0.48660714285714285
1 0.37276785714285715 0.703125 0.16517857142857142 0.59375
1 0.5446428571428571 0.35044642857142855 0.07589285714285714 0.38392857142857145
1 0.453125 0.6316964285714286 0.13839285714285715 0.5223214285714286
1 0.42410714285714285 0.5245535714285714 0.09821428571428571 0.41517857142857145
1 0.8995535714285714 0.8236607142857143 0.20089285714285715 0.29910714285714285
1 0.6584821428571429 0.44642857142857145 0.11160714285714286 0.3794642857142857
1 0.5580357142857143 0.47767857142857145 0.15178571428571427 0.4107142857142857
1 0.5982142857142857 0.30580357142857145 0.08928571428571429 0.3125
1 0.7745535714285714 0.18973214285714285 0.03571428571428571 0.1875
