1 0.8772321428571429 0.5647321428571429 0.10714285714285714 0.47767857142857145
1 0.9620535714285714 0.8660714285714286 0.07142857142857142 0.2611607142857143
1 0.7879464285714286 0.7232142857142857 0.12946428571428573 0.5491071428571429
1 0.7767857142857143 0.5558035714285714 0.08705357142857142 0.5178571428571429
1 0.5736607142857143 0.5915178571428571 0.11383928571428571 0.5625
1 0.5044642857142857 0.42410714285714285 0.06473214285714286 0.43973214285714285
1 0.25 0.6875 0.13169642857142858 0.5982142857142857
1 0.13839285714285715 0.7477678571428571 0.15401785714285715 0.5
1 0.08928571428571429 0.8214285714285714 0.17857142857142858 0.34151785714285715
1 0.47767857142857145 0.45982142857142855 0.08482142857142858 0.5044642857142857
1 0.5535714285714286 0.5022321428571429 0.10491071428571429 0.6227678571428571
