1 0.3861607142857143 0.7053571428571429 0.12053571428571429 0.5848214285714286
1 0.5334821428571429 0.8258928571428571 0.21428571428571427 0.34151785714285715
1 0.8348214285714286 0.4799107142857143 0.07142857142857142 0.42410714285714285
1 0.7544642857142857 0.24776785714285715 0.05580357142857143 0.24553571428571427
1 0.7008928571428571 0.2544642857142857 0.05580357142857143 0.26785714285714285
1 0.9084821428571429 0.6383928571428571 0.17410714285714285 0.5669642857142857
1 0.8660714285714286 0.8370535714285714 0.22544642857142858 0.31919642857142855
1 0.5513392857142857 0.5691964285714286 0.13169642857142858 0.6026785714285714
1 0.22991071428571427 0.7254464285714286 0.16294642857142858 0.5446428571428571
1 0.4955357142857143 0.48214285714285715 0.10044642857142858 0.4955357142857143
1 0.609375 0.515625 0.08705357142857142 0.5245535714285714
1 0.7946428571428571 0.49330357142857145 0.08035714285714286 0.5089285714285714
1 0.6495535714285714 0.43080357142857145 0.08035714285714286 0.43526785714285715
1 0.8772321428571429 0.25 0.04017857142857143 0.20089285714285715
