1 0.8794642857142857 0.6227678571428571 0.17410714285714285 0.53125
1 0.84375 0.7544642857142857 0.17857142857142858 0.49107142857142855
1 0.7098214285714286 0.6339285714285714 0.15178571428571427 0.59375
1 0.453125 0.5982142857142857 0.13392857142857142 0.5669642857142857
1 0.6986607142857143 0.30580357142857145 0.0625 0.2857142857142857
1 0.6629464285714286 0.265625 0.07142857142857142 0.25892857142857145
1 0.6339285714285714 0.42410714285714285 0.11607142857142858 0.39285714285714285
1 0.875 0.421875 0.08928571428571429 0.35714285714285715
1 0.5803571428571429 0.6919642857142857 0.18303571428571427 0.6071428571428571
1 0.44642857142857145 0.5625 0.13392857142857142 0.5625
1 0.75 0.34598214285714285 0.09821428571428571 0.23660714285714285
