1 0.125 0.8683035714285714 0.16071428571428573 0.26339285714285715
1 0.3705357142857143 0.7008928571428571 0.21428571428571427 0.5982142857142857
1 0.47098214285714285 0.7433035714285714 0.21875 0.5133928571428571
1 0.5982142857142857 0.8169642857142857 0.16964285714285715 0.35714285714285715
1 0.5870535714285714 0.45535714285714285 0.11160714285714286 0.44642857142857145
1 0.6629464285714286 0.48660714285714285 0.11607142857142858 0.46875
1 0.796875 0.7410714285714286 0.20089285714285715 0.47767857142857145
1 0.9084821428571429 0.8035714285714286 0.18303571428571427 0.33035714285714285
1 0.7924107142857143 0.40625 0.11160714285714286 0.4419642857142857
1 0.9107142857142857 0.46875 0.12053571428571429 0.4732142857142857
1 0.8303571428571429 0.49776785714285715 0.15178571428571427 0.5223214285714286
