1 0.7209821428571429 0.27901785714285715 0.07142857142857142 0.25892857142857145
1 0.3794642857142857 0.6919642857142857 0.1875 0.6026785714285714
1 0.5424107142857143 0.6540178571428571 0.21875 0.6919642857142857
1 0.6116071428571429 0.4263392857142857 0.09375 0.34375
1 0.6964285714285714 0.6808035714285714 0.1875 0.6383928571428571
1 0.8191964285714286 0.6941964285714286 0.16517857142857142 0.6116071428571429
1 0.7879464285714286 0.5446428571428571 0.15625 0.5178571428571429
1 0.7098214285714286 0.43973214285714285 0.10714285714285714 0.40625
1 0.859375 0.47767857142857145 0.125 0.39285714285714285
1 0.7767857142857143 0.30580357142857145 0.08482142857142858 0.32589285714285715
