1 0.7232142857142857 0.23660714285714285 0.05357142857142857 0.26785714285714285
1 0.7209821428571429 0.27232142857142855 0.08705357142857142 0.265625
1 0.8571428571428571 0.45982142857142855 0.07142857142857142 0.39955357142857145
1 0.8035714285714286 0.49776785714285715 0.10044642857142858 0.48660714285714285
1 0.7388392857142857 0.6830357142857143 0.12723214285714285 0.59375
1 0.8147321428571429 0.7834821428571429 0.10714285714285714 0.39955357142857145
1 0.2857142857142857 0.7857142857142857 0.16964285714285715 0.42410714285714285
1 0.1875 0.796875 0.20089285714285715 0.39955357142857145
1 0.6116071428571429 0.3705357142857143 0.06473214285714286 0.296875
1 0.6383928571428571 0.6116071428571429 0.09821428571428571 0.6495535714285714
1 0.5200892857142857 0.6361607142857143 0.11607142857142858 0.6339285714285714
1 0.5178571428571429 0.6964285714285714 0.15178571428571427 0.6049107142857143
