1 0.4263392857142857 0.7879464285714286 0.13392857142857142 0.41517857142857145
1 0.5044642857142857 0.6830357142857143 0.13839285714285715 0.625
1 0.6205357142857143 0.6986607142857143 0.13392857142857142 0.6026785714285714
1 0.7299107142857143 0.5647321428571429 0.12053571428571429 0.5535714285714286
1 0.7589285714285714 0.4419642857142857 0.09375 0.41964285714285715
1 0.7388392857142857 0.42410714285714285 0.08035714285714286 0.4375
1 0.8415178571428571 0.5022321428571429 0.125 0.40625
1 0.8549107142857143 0.453125 0.08035714285714286 0.36607142857142855
1 0.8883928571428571 0.796875 0.16071428571428573 0.40625
1 0.7053571428571429 0.8125 0.2767857142857143 0.375
1 0.8348214285714286 0.5736607142857143 0.12946428571428573 0.4732142857142857
1 0.6495535714285714 0.35044642857142855 0.08482142857142858 0.33482142857142855
