1 0.15625 0.6540178571428571 0.20982142857142858 0.6294642857142857
1 0.34151785714285715 0.640625 0.20982142857142858 0.625
1 0.6852678571428571 0.5714285714285714 0.17857142857142858 0.5848214285714286
1 0.8526785714285714 0.6629464285714286 0.19642857142857142 0.6741071428571429
1 0.7433035714285714 0.453125 0.12946428571428573 0.4375
1 0.6741071428571429 0.4486607142857143 0.11607142857142858 0.41517857142857145
1 0.265625 0.734375 0.1875 0.49107142857142855
1 0.09375 0.8125 0.1875 0.29464285714285715
1 0.5982142857142857 0.5245535714285714 0.15625 0.5446428571428571
1 0.7321428571428571 0.8147321428571429 0.23214285714285715 0.3705357142857143
1 0.8370535714285714 0.8125 0.29017857142857145 0.375
