1 0.4375 0.703125 0.32142857142857145 0.59375
1 0.5200892857142857 0.5267857142857143 0.15178571428571427 0.48214285714285715
1 0.5200892857142857 0.5848214285714286 0.16964285714285715 0.5401785714285714
1 0.6026785714285714 0.5290178571428571 0.17857142857142858 0.5178571428571429
1 0.5580357142857143 0.4419642857142857 0.12946428571428573 0.4107142857142857
1 0.7299107142857143 0.7209821428571429 0.20982142857142858 0.5580357142857143
1 0.7433035714285714 0.5758928571428571 0.20535714285714285 0.5
1 0.7700892857142857 0.5066964285714286 0.12946428571428573 0.41517857142857145
1 0.7879464285714286 0.45089285714285715 0.12946428571428573 0.39732142857142855
1 0.8459821428571429 0.5178571428571429 0.16071428571428573 0.42410714285714285
1 0.8616071428571429 0.6919642857142857 0.22321428571428573 0.6160714285714286
