1 0.6629464285714286 0.4330357142857143 0.13839285714285715 0.4107142857142857
1 0.5803571428571429 0.4330357142857143 0.11160714285714286 0.48214285714285715
1 0.515625 0.6183035714285714 0.1875 0.59375
1 0.9129464285714286 0.2544642857142857 0.06696428571428571 0.22767857142857142
1 0.8839285714285714 0.3236607142857143 0.06696428571428571 0.2544642857142857
1 0.8303571428571429 0.890625 0.26339285714285715 0.19196428571428573
1 0.8058035714285714 0.3549107142857143 0.08482142857142858 0.3482142857142857
1 0.8080357142857143 0.4330357142857143 0.08928571428571429 0.3705357142857143
1 0.8705357142857143 0.20982142857142858 0.044642857142857144 0.16517857142857142
1 0.6071428571428571 0.3794642857142857 0.09375 0.40625
