1 0.5870535714285714 0.7455357142857143 0.18080357142857142 0.4955357142857143
1 0.171875 0.4174107142857143 0.10714285714285714 0.2767857142857143
1 0.8214285714285714 0.6584821428571429 0.12053571428571429 0.6294642857142857
1 0.24776785714285715 0.8058035714285714 0.14955357142857142 0.38392857142857145
1 0.6629464285714286 0.43973214285714285 0.08482142857142858 0.4174107142857143
1 0.6941964285714286 0.328125 0.06473214285714286 0.28794642857142855
1 0.7700892857142857 0.28794642857142855 0.060267857142857144 0.30580357142857145
1 0.38392857142857145 0.8549107142857143 0.20535714285714285 0.2857142857142857
1 0.5714285714285714 0.40401785714285715 0.09821428571428571 0.38169642857142855
1 0.6160714285714286 0.23883928571428573 0.060267857142857144 0.21875
