1 0.24553571428571427 0.6875 0.13839285714285715 0.6227678571428571
1 0.07366071428571429 0.7946428571428571 0.13392857142857142 0.40625
1 0.42857142857142855 0.703125 0.11830357142857142 0.5892857142857143
1 0.36160714285714285 0.5915178571428571 0.08035714285714286 0.5133928571428571
1 0.6785714285714286 0.6852678571428571 0.11830357142857142 0.625
1 0.7767857142857143 0.6584821428571429 0.109375 0.6294642857142857
1 0.5691964285714286 0.625 0.13169642857142858 0.6049107142857143
1 0.7901785714285714 0.43080357142857145 0.11160714285714286 0.40848214285714285
1 0.6674107142857143 0.3080357142857143 0.06473214285714286 0.33035714285714285
1 0.6071428571428571 0.36607142857142855 0.07142857142857142 0.33705357142857145
1 0.44642857142857145 0.5602678571428571 0.10044642857142858 0.5
