1 0.5848214285714286 0.7142857142857143 0.12053571428571429 0.5625
1 0.7455357142857143 0.33482142857142855 0.08482142857142858 0.29464285714285715
1 0.6540178571428571 0.3794642857142857 0.06696428571428571 0.2544642857142857
1 0.359375 0.7589285714285714 0.19642857142857142 0.46875
1 0.18526785714285715 0.734375 0.21875 0.5089285714285714
1 0.859375 0.6517857142857143 0.13839285714285715 0.4955357142857143
1 0.8392857142857143 0.41964285714285715 0.12053571428571429 0.3794642857142857
1 0.49776785714285715 0.6785714285714286 0.12053571428571429 0.5803571428571429
1 0.6763392857142857 0.6383928571428571 0.16071428571428573 0.6205357142857143
1 0.4799107142857143 0.5357142857142857 0.15625 0.5535714285714286
1 0.8102678571428571 0.7232142857142857 0.29017857142857145 0.5535714285714286
