1 0.4486607142857143 0.5245535714285714 0.13839285714285715 0.5223214285714286
1 0.5959821428571429 0.5647321428571429 0.14732142857142858 0.5267857142857143
1 0.6897321428571429 0.41517857142857145 0.11607142857142858 0.49107142857142855
1 0.7075892857142857 0.35714285714285715 0.09821428571428571 0.45535714285714285
1 0.6294642857142857 0.390625 0.08928571428571429 0.40625
1 0.9151785714285714 0.8058035714285714 0.16964285714285715 0.33482142857142855
1 0.9129464285714286 0.5892857142857143 0.16071428571428573 0.5580357142857143
1 0.8392857142857143 0.7098214285714286 0.15625 0.5401785714285714
1 0.8147321428571429 0.43973214285714285 0.12946428571428573 0.4642857142857143
1 0.5714285714285714 0.7924107142857143 0.20089285714285715 0.4107142857142857
1 0.5200892857142857 0.4486607142857143 0.09821428571428571 0.38392857142857145
1 0.7767857142857143 0.37723214285714285 0.07142857142857142 0.3794642857142857
1 0.8549107142857143 0.375 0.08482142857142858 0.40625
