1 0.3950892857142857 0.5870535714285714 0.17857142857142858 0.6339285714285714
1 0.26339285714285715 0.7388392857142857 0.16071428571428573 0.49107142857142855
1 0.06919642857142858 0.7678571428571429 0.13839285714285715 0.4017857142857143
1 0.7098214285714286 0.46205357142857145 0.09375 0.46875
1 0.4955357142857143 0.28794642857142855 0.07142857142857142 0.25892857142857145
1 0.25669642857142855 0.15178571428571427 0.026785714285714284 0.12053571428571429
1 0.8794642857142857 0.6607142857142857 0.1875 0.6785714285714286
1 0.828125 0.5959821428571429 0.15178571428571427 0.5133928571428571
1 0.7700892857142857 0.6607142857142857 0.15178571428571427 0.5758928571428571
1 0.7678571428571429 0.40625 0.09821428571428571 0.39285714285714285
1 0.859375 0.25892857142857145 0.049107142857142856 0.22767857142857142
1 0.8013392857142857 0.24776785714285715 0.05357142857142857 0.21875
1 0.5803571428571429 0.07142857142857142 0.017857142857142856 0.06696428571428571
1 0.59375 0.06696428571428571 0.017857142857142856 0.07589285714285714
1 0.8325892857142857 0.24107142857142858 0.049107142857142856 0.1875
1 0.8995535714285714 0.14955357142857142 0.03571428571428571 0.10714285714285714
1 0.78125 0.21428571428571427 0.05803571428571429 0.19642857142857142
