1 0.060267857142857144 0.8816964285714286 0.09151785714285714 0.234375
1 0.14955357142857142 0.8839285714285714 0.12723214285714285 0.22767857142857142
1 0.2924107142857143 0.9441964285714286 0.11830357142857142 0.10714285714285714
1 0.5691964285714286 0.9107142857142857 0.10044642857142858 0.17410714285714285
1 0.8772321428571429 0.7857142857142857 0.12946428571428573 0.42410714285714285
1 0.8415178571428571 0.28125 0.05803571428571429 0.25892857142857145
1 0.8683035714285714 0.265625 0.04017857142857143 0.25892857142857145
1 0.8883928571428571 0.3125 0.044642857142857144 0.30580357142857145
1 0.8705357142857143 0.39955357142857145 0.06696428571428571 0.40401785714285715
1 0.3794642857142857 0.7566964285714286 0.18080357142857142 0.48214285714285715
1 0.828125 0.8214285714285714 0.34151785714285715 0.35044642857142855
1 0.953125 0.7098214285714286 0.08928571428571429 0.5758928571428571
