1 0.8928571428571429 0.4174107142857143 0.12946428571428573 0.3794642857142857
1 0.8258928571428571 0.4330357142857143 0.09375 0.33482142857142855
1 0.8236607142857143 0.5334821428571429 0.14732142857142858 0.5178571428571429
1 0.8727678571428571 0.5178571428571429 0.14732142857142858 0.42410714285714285
1 0.9665178571428571 0.5178571428571429 0.06696428571428571 0.38392857142857145
1 0.921875 0.6116071428571429 0.15625 0.49107142857142855
1 0.48660714285714285 0.6071428571428571 0.16964285714285715 0.5803571428571429
1 0.5401785714285714 0.5401785714285714 0.11607142857142858 0.42857142857142855
1 0.4174107142857143 0.6272321428571429 0.21875 0.6294642857142857
1 0.6004464285714286 0.4888392857142857 0.15625 0.4642857142857143
1 0.8705357142857143 0.8526785714285714 0.20535714285714285 0.29464285714285715
