1 0.44419642857142855 0.5133928571428571 0.16964285714285715 0.5267857142857143
1 0.5803571428571429 0.5825892857142857 0.18303571428571427 0.53125
1 0.703125 0.45535714285714285 0.14732142857142858 0.49107142857142855
1 0.7321428571428571 0.40401785714285715 0.12946428571428573 0.45535714285714285
1 0.6495535714285714 0.41964285714285715 0.11607142857142858 0.40625
1 0.8482142857142857 0.8571428571428571 0.19642857142857142 0.2857142857142857
1 0.8861607142857143 0.6741071428571429 0.19642857142857142 0.5625
1 0.7879464285714286 0.75 0.19196428571428573 0.5
1 0.8214285714285714 0.5066964285714286 0.16071428571428573 0.4642857142857143
1 0.5066964285714286 0.7946428571428571 0.22767857142857142 0.4107142857142857
1 0.53125 0.45535714285714285 0.125 0.38392857142857145
1 0.796875 0.4375 0.09821428571428571 0.3794642857142857
1 0.875 0.45089285714285715 0.11160714285714286 0.40625
