1 0.6294642857142857 0.578125 0.14285714285714285 0.5892857142857143
1 0.3169642857142857 0.5535714285714286 0.12946428571428573 0.5401785714285714
1 0.20089285714285715 0.6383928571428571 0.14285714285714285 0.5758928571428571
1 0.16964285714285715 0.7991071428571429 0.21875 0.3705357142857143
1 0.7611607142857143 0.6049107142857143 0.13839285714285715 0.5669642857142857
1 0.7120535714285714 0.49107142857142855 0.11160714285714286 0.5044642857142857
1 0.8683035714285714 0.6004464285714286 0.125 0.5178571428571429
1 0.9352678571428571 0.5870535714285714 0.12946428571428573 0.45982142857142855
1 0.37276785714285715 0.7790178571428571 0.21428571428571427 0.4330357142857143
1 0.8883928571428571 0.8191964285714286 0.20535714285714285 0.36160714285714285
1 0.8348214285714286 0.5089285714285714 0.09375 0.47767857142857145
1 0.8080357142857143 0.45535714285714285 0.09375 0.4955357142857143
