1 0.44642857142857145 0.5200892857142857 0.10044642857142858 0.515625
1 0.5915178571428571 0.5714285714285714 0.11160714285714286 0.5200892857142857
1 0.6941964285714286 0.42857142857142855 0.08035714285714286 0.48660714285714285
1 0.7165178571428571 0.37276785714285715 0.06696428571428571 0.45089285714285715
1 0.6361607142857143 0.39955357142857145 0.060267857142857144 0.40401785714285715
1 0.8995535714285714 0.8348214285714286 0.15401785714285715 0.32589285714285715
1 0.90625 0.6183035714285714 0.12053571428571429 0.5513392857142857
1 0.8236607142857143 0.7321428571428571 0.12053571428571429 0.53125
1 0.8191964285714286 0.46205357142857145 0.09598214285714286 0.4575892857142857
1 0.5513392857142857 0.796875 0.171875 0.4017857142857143
1 0.5245535714285714 0.45089285714285715 0.07142857142857142 0.3794642857142857
1 0.7857142857142857 0.39732142857142855 0.046875 0.37723214285714285
1 0.8638392857142857 0.39955357142857145 0.05803571428571429 0.4017857142857143
