1 0.8772321428571429 0.1875 0.029017857142857144 0.125
1 0.8839285714285714 0.24107142857142858 0.033482142857142856 0.19642857142857142
1 0.7633928571428571 0.25 0.04017857142857143 0.25892857142857145
1 0.7879464285714286 0.27455357142857145 0.046875 0.27455357142857145
1 0.8191964285714286 0.31026785714285715 0.0625 0.3125
1 0.8392857142857143 0.46205357142857145 0.09151785714285714 0.41964285714285715
1 0.8995535714285714 0.5223214285714286 0.08928571428571429 0.484375
1 0.8660714285714286 0.8526785714285714 0.13392857142857142 0.28794642857142855
1 0.7388392857142857 0.7544642857142857 0.15178571428571427 0.48660714285714285
1 0.8683035714285714 0.6517857142857143 0.09598214285714286 0.484375
