1 0.5825892857142857 0.6763392857142857 0.12723214285714285 0.6450892857142857
1 0.7723214285714286 0.7366071428571429 0.16071428571428573 0.5245535714285714
1 0.8839285714285714 0.7075892857142857 0.171875 0.5803571428571429
1 0.7433035714285714 0.328125 0.0625 0.35044642857142855
1 0.6004464285714286 0.36607142857142855 0.06473214285714286 0.30580357142857145
1 0.640625 0.53125 0.109375 0.5982142857142857
1 0.5401785714285714 0.42857142857142855 0.07142857142857142 0.34375
1 0.5111607142857143 0.5870535714285714 0.08928571428571429 0.4955357142857143
1 0.4263392857142857 0.6183035714285714 0.12946428571428573 0.640625
1 0.30357142857142855 0.640625 0.12723214285714285 0.5848214285714286
1 0.20535714285714285 0.7589285714285714 0.12946428571428573 0.47767857142857145
