1 0.6049107142857143 0.7388392857142857 0.21428571428571427 0.5089285714285714
1 0.16741071428571427 0.43973214285714285 0.125 0.2857142857142857
1 0.8325892857142857 0.6361607142857143 0.16517857142857142 0.6383928571428571
1 0.2700892857142857 0.8125 0.17410714285714285 0.375
1 0.6584821428571429 0.42857142857142855 0.11160714285714286 0.42410714285714285
1 0.6808035714285714 0.31473214285714285 0.08482142857142858 0.29017857142857145
1 0.7544642857142857 0.2700892857142857 0.08035714285714286 0.3080357142857143
1 0.40625 0.8549107142857143 0.22321428571428573 0.29017857142857145
1 0.5647321428571429 0.39955357142857145 0.125 0.38839285714285715
1 0.5982142857142857 0.23214285714285715 0.07589285714285714 0.22321428571428573
