1 0.5714285714285714 0.7700892857142857 0.15178571428571427 0.453125
1 0.296875 0.8125 0.11160714285714286 0.36830357142857145
1 0.34151785714285715 0.7566964285714286 0.19419642857142858 0.4799107142857143
1 0.23883928571428573 0.7254464285714286 0.10044642857142858 0.5446428571428571
1 0.32142857142857145 0.5401785714285714 0.13392857142857142 0.484375
1 0.4486607142857143 0.5089285714285714 0.08035714285714286 0.5736607142857143
1 0.6361607142857143 0.4419642857142857 0.08705357142857142 0.4174107142857143
1 0.7544642857142857 0.71875 0.16294642857142858 0.5580357142857143
1 0.890625 0.8258928571428571 0.21205357142857142 0.34375
1 0.7723214285714286 0.36607142857142855 0.06919642857142858 0.38392857142857145
1 0.6696428571428571 0.35267857142857145 0.08258928571428571 0.35267857142857145
1 0.8526785714285714 0.6830357142857143 0.09151785714285714 0.45982142857142855
1 0.6584821428571429 0.6272321428571429 0.11830357142857142 0.5535714285714286
1 0.5446428571428571 0.4419642857142857 0.08035714285714286 0.31026785714285715
1 0.48214285714285715 0.703125 0.10044642857142858 0.5892857142857143
1 0.5223214285714286 0.5491071428571429 0.11383928571428571 0.421875
1 0.7075892857142857 0.37723214285714285 0.05580357142857143 0.36830357142857145
