1 0.7321428571428571 0.29017857142857145 0.08482142857142858 0.25892857142857145
1 0.36830357142857145 0.6852678571428571 0.21875 0.6116071428571429
1 0.5334821428571429 0.6517857142857143 0.2544642857142857 0.6964285714285714
1 0.6160714285714286 0.4330357142857143 0.11160714285714286 0.3482142857142857
1 0.6852678571428571 0.6852678571428571 0.21875 0.6294642857142857
1 0.8080357142857143 0.703125 0.19642857142857142 0.59375
1 0.7857142857142857 0.5602678571428571 0.18303571428571427 0.5223214285714286
1 0.7120535714285714 0.4486607142857143 0.12946428571428573 0.40625
1 0.859375 0.49776785714285715 0.14285714285714285 0.39732142857142855
1 0.7879464285714286 0.32142857142857145 0.10267857142857142 0.32589285714285715
