1 0.2857142857142857 0.6964285714285714 0.1875 0.6071428571428571
1 0.8147321428571429 0.34375 0.08928571428571429 0.3169642857142857
1 0.9352678571428571 0.3236607142857143 0.044642857142857144 0.20982142857142858
1 0.9486607142857143 0.46875 0.07142857142857142 0.41517857142857145
1 0.90625 0.4642857142857143 0.08928571428571429 0.42857142857142855
1 0.7790178571428571 0.5022321428571429 0.08035714285714286 0.5178571428571429
1 0.8125 0.6339285714285714 0.11607142857142858 0.5580357142857143
1 0.8861607142857143 0.6205357142857143 0.13839285714285715 0.5535714285714286
1 0.9508928571428571 0.6473214285714286 0.09821428571428571 0.5535714285714286
1 0.9419642857142857 0.7053571428571429 0.11607142857142858 0.5714285714285714
