1 0.40848214285714285 0.78125 0.15401785714285715 0.4330357142857143
1 0.17410714285714285 0.6607142857142857 0.10714285714285714 0.5558035714285714
1 0.19642857142857142 0.7053571428571429 0.15178571428571427 0.5848214285714286
1 0.33482142857142855 0.5111607142857143 0.12723214285714285 0.4642857142857143
1 0.375 0.6696428571428571 0.171875 0.5625
1 0.32589285714285715 0.8191964285714286 0.14732142857142858 0.3549107142857143
1 0.5647321428571429 0.8883928571428571 0.16964285714285715 0.22098214285714285
1 0.6540178571428571 0.5245535714285714 0.10267857142857142 0.5290178571428571
1 0.6116071428571429 0.47544642857142855 0.06696428571428571 0.43526785714285715
1 0.7276785714285714 0.8727678571428571 0.15625 0.25
1 0.7410714285714286 0.6049107142857143 0.140625 0.5245535714285714
1 0.7879464285714286 0.46875 0.10044642857142858 0.48214285714285715
