1 0.22098214285714285 0.8482142857142857 0.1875 0.29017857142857145
1 0.546875 0.7745535714285714 0.25 0.44642857142857145
1 0.8102678571428571 0.7857142857142857 0.21875 0.42857142857142855
1 0.5647321428571429 0.5758928571428571 0.16517857142857142 0.5401785714285714
1 0.3169642857142857 0.7232142857142857 0.10267857142857142 0.5491071428571429
1 0.25892857142857145 0.6785714285714286 0.12946428571428573 0.59375
1 0.19419642857142858 0.734375 0.12053571428571429 0.5178571428571429
1 0.5892857142857143 0.5133928571428571 0.11160714285714286 0.5491071428571429
1 0.7723214285714286 0.49776785714285715 0.07142857142857142 0.45982142857142855
1 0.7477678571428571 0.4419642857142857 0.06696428571428571 0.41517857142857145
1 0.8638392857142857 0.47098214285714285 0.08482142857142858 0.41517857142857145
1 0.8058035714285714 0.4017857142857143 0.07589285714285714 0.3705357142857143
