1 0.22098214285714285 0.8392857142857143 0.16517857142857142 0.32142857142857145
1 0.32589285714285715 0.7366071428571429 0.17857142857142858 0.5267857142857143
1 0.5513392857142857 0.8392857142857143 0.17857142857142858 0.32142857142857145
1 0.515625 0.7053571428571429 0.16964285714285715 0.5758928571428571
1 0.8035714285714286 0.4375 0.125 0.4732142857142857
1 0.8973214285714286 0.625 0.20535714285714285 0.6517857142857143
1 0.9174107142857143 0.8013392857142857 0.16517857142857142 0.32589285714285715
1 0.38169642857142855 0.6183035714285714 0.19642857142857142 0.6517857142857143
1 0.5691964285714286 0.5982142857142857 0.20535714285714285 0.5535714285714286
1 0.7321428571428571 0.21428571428571427 0.049107142857142856 0.20982142857142858
