1 0.8459821428571429 0.6495535714285714 0.15625 0.6651785714285714
1 0.7276785714285714 0.5691964285714286 0.09375 0.6964285714285714
1 0.5089285714285714 0.6584821428571429 0.11830357142857142 0.6785714285714286
1 0.4486607142857143 0.7142857142857143 0.14285714285714285 0.5669642857142857
1 0.36160714285714285 0.8125 0.15401785714285715 0.3705357142857143
1 0.22098214285714285 0.8258928571428571 0.16071428571428573 0.34151785714285715
1 0.203125 0.7232142857142857 0.10714285714285714 0.4955357142857143
1 0.06919642857142858 0.7767857142857143 0.13616071428571427 0.43973214285714285
1 0.5758928571428571 0.7834821428571429 0.140625 0.42857142857142855
1 0.6495535714285714 0.6875 0.12276785714285714 0.6205357142857143
1 0.7433035714285714 0.5446428571428571 0.10044642857142858 0.4955357142857143
