0 0.691106 0.602163 0.027644 0.213942
0 0.846154 0.612981 0.028846 0.146635
0 0.639423 0.626202 0.021635 0.237981
0 0.415865 0.674279 0.062500 0.234375
1 0.363510 0.604447 0.113099 0.500261
1 0.086605 0.598858 0.125956 0.436396
1 0.531712 0.595601 0.078878 0.354332
1 0.463884 0.596872 0.079826 0.351041
1 0.882002 0.538787 0.081508 0.309212
1 0.604198 0.578906 0.085582 0.304845
1 0.786372 0.562650 0.068523 0.301965
1 0.734227 0.554780 0.065557 0.301697
1 0.949068 0.541192 0.066284 0.228294
1 0.658380 0.587608 0.077241 0.302912
1 0.964744 0.455128 0.022436 0.142628
1 0.927083 0.434295 0.030449 0.116987
1 0.677083 0.453526 0.046474 0.123397
