0 0.757212 0.520433 0.157452 0.778846
0 0.822115 0.567308 0.069712 0.692308
0 0.960337 0.591346 0.076923 0.243990
0 0.520433 0.691106 0.025240 0.151442
0 0.319712 0.700721 0.037260 0.366587
0 0.507212 0.733173 0.151442 0.257212
0 0.641827 0.740385 0.031250 0.216346
0 0.204327 0.758413 0.031250 0.215144
0 0.090144 0.778846 0.036058 0.143029
1 0.058243 0.664245 0.116485 0.417229
1 0.335605 0.668078 0.099872 0.421819
1 0.158025 0.667227 0.122162 0.393311
1 0.233508 0.682617 0.109394 0.373043
1 0.624228 0.498862 0.209643 0.892351
1 0.841078 0.541391 0.283578 0.776745
1 0.442783 0.645249 0.141873 0.483188
1 0.537306 0.626562 0.081722 0.516503
