0 0.222356 0.469952 0.036058 0.301683
0 0.800481 0.598558 0.032452 0.086538
0 0.735577 0.705529 0.084135 0.277644
0 0.606971 0.740385 0.057692 0.471154
1 0.345312 0.673047 0.204102 0.647656
1 0.904687 0.590234 0.153906 0.461719
1 0.171582 0.400391 0.103711 0.334180
1 0.710938 0.563672 0.144922 0.447656
1 0.536719 0.653125 0.231641 0.635937
1 0.092480 0.337109 0.069092 0.229102
1 0.388477 0.369727 0.110547 0.162109
1 0.648438 0.351953 0.107031 0.153125
1 0.597266 0.543750 0.132812 0.444922
1 0.276172 0.425000 0.103711 0.252344
1 0.321094 0.305078 0.058789 0.122461
1 0.715625 0.312500 0.064844 0.083398
1 0.247596 0.305288 0.068910 0.134615
1 0.583333 0.274038 0.057692 0.097756
1 0.441506 0.296474 0.062500 0.104167
1 0.359776 0.252404 0.065705 0.067308
1 0.327724 0.224359 0.040064 0.065705
1 0.274038 0.222756 0.070513 0.056090
1 0.149840 0.213141 0.043269 0.030449
