0 0.388221 0.764423 0.206731 0.223558
0 0.694712 0.826923 0.025240 0.055288
1 0.781250 0.183887 0.425391 0.356055
1 0.148926 0.728125 0.230273 0.462500
1 0.536328 0.695312 0.132812 0.366797
1 0.146582 0.201172 0.128320 0.135059
1 0.292578 0.160449 0.096484 0.095508
1 0.953125 0.865625 0.067188 0.200391
1 0.878125 0.868750 0.065625 0.206250
1 0.062500 0.265625 0.115039 0.181152
1 0.422656 0.278906 0.150977 0.182813
1 0.785938 0.814062 0.040625 0.116406
1 0.697656 0.804688 0.033203 0.104687
1 0.589062 0.764063 0.054687 0.318359
1 0.914062 0.074268 0.161719 0.138574
1 0.065137 0.707031 0.096240 0.369922
1 0.746484 0.804688 0.039062 0.099219
1 0.733594 0.807031 0.040234 0.112891
1 0.864844 0.864062 0.039062 0.207031
1 0.723047 0.804688 0.025000 0.100781
