0 0.169471 0.739183 0.028846 0.265625
0 0.661058 0.786058 0.025240 0.176683
0 0.706731 0.787260 0.019231 0.189904
0 0.611779 0.790865 0.034856 0.169471
0 0.295673 0.796875 0.021635 0.125000
0 0.888221 0.798077 0.019231 0.153846
0 0.920673 0.828125 0.028846 0.203125
1 0.168945 0.693750 0.072559 0.320313
1 0.948437 0.698437 0.100781 0.434375
1 0.523438 0.700781 0.082422 0.321484
1 0.621094 0.514844 0.063672 0.097656
1 0.959375 0.738281 0.078906 0.516016
1 0.250801 0.699519 0.094551 0.333333
1 0.310897 0.669071 0.067308 0.333333
1 0.375801 0.682692 0.084936 0.338141
1 0.433494 0.693109 0.091346 0.397436
1 0.608974 0.687500 0.060897 0.315705
1 0.666667 0.721154 0.057692 0.366987
1 0.717949 0.705929 0.060897 0.352564
1 0.772436 0.725160 0.044872 0.378205
1 0.819712 0.689103 0.062500 0.350962
1 0.875000 0.683494 0.064103 0.310897
1 0.495192 0.500000 0.057692 0.081731
1 0.554487 0.498397 0.048077 0.072115
1 0.707532 0.495994 0.040064 0.064103
1 0.755609 0.490385 0.036859 0.072115
1 0.834135 0.493590 0.065705 0.072115
