0 0.830529 0.739183 0.028846 0.265625
0 0.338942 0.786058 0.025240 0.176683
0 0.293269 0.787260 0.019231 0.189904
0 0.388221 0.790865 0.034856 0.169471
0 0.704327 0.796875 0.021635 0.125000
0 0.111779 0.798077 0.019231 0.153846
0 0.079327 0.828125 0.028846 0.203125
1 0.051465 0.699219 0.099951 0.441016
1 0.832031 0.692969 0.075000 0.319922
1 0.480859 0.702734 0.080469 0.321094
1 0.269922 0.566406 0.062695 0.063672
1 0.038062 0.738281 0.073096 0.519141
1 0.379297 0.512500 0.064844 0.094531
1 0.537660 0.646635 0.094551 0.346154
1 0.603365 0.667468 0.040064 0.301282
1 0.677083 0.673077 0.043269 0.350962
1 0.743590 0.681090 0.028846 0.264423
1 0.178686 0.681090 0.033654 0.315705
1 0.213942 0.696314 0.027244 0.301282
1 0.135417 0.668269 0.062500 0.267628
1 0.330128 0.729167 0.048077 0.363782
1 0.358173 0.673878 0.065705 0.301282
1 0.419872 0.642628 0.070513 0.264423
1 0.141827 0.503205 0.040064 0.062500
1 0.458333 0.499199 0.044872 0.070513
1 0.300481 0.486378 0.043269 0.064103
1 0.254006 0.485577 0.059295 0.056090
