1 0.3861607142857143 0.6294642857142857 0.09151785714285714 0.5669642857142857
1 0.35714285714285715 0.5401785714285714 0.11830357142857142 0.5714285714285714
1 0.47544642857142855 0.5401785714285714 0.11160714285714286 0.5915178571428571
1 0.8147321428571429 0.6361607142857143 0.13616071428571427 0.6361607142857143
1 0.65625 0.5267857142857143 0.09598214285714286 0.5736607142857143
1 0.6517857142857143 0.7299107142857143 0.16517857142857142 0.5379464285714286
1 0.5825892857142857 0.6584821428571429 0.10714285714285714 0.6383928571428571
1 0.5535714285714286 0.5491071428571429 0.08928571428571429 0.5290178571428571
1 0.8660714285714286 0.41517857142857145 0.09598214285714286 0.37276785714285715
1 0.8035714285714286 0.46875 0.06473214285714286 0.41517857142857145
1 0.75 0.31919642857142855 0.05580357142857143 0.3013392857142857
