1 0.375 0.6183035714285714 0.13839285714285715 0.5714285714285714
1 0.3549107142857143 0.5267857142857143 0.16964285714285715 0.5803571428571429
1 0.47098214285714285 0.5379464285714286 0.16071428571428573 0.5982142857142857
1 0.8013392857142857 0.6629464285714286 0.19196428571428573 0.6473214285714286
1 0.6540178571428571 0.5401785714285714 0.14732142857142858 0.5803571428571429
1 0.6316964285714286 0.734375 0.20982142857142858 0.53125
1 0.5691964285714286 0.6651785714285714 0.16071428571428573 0.6473214285714286
1 0.5491071428571429 0.5535714285714286 0.13392857142857142 0.5357142857142857
1 0.8727678571428571 0.44642857142857145 0.12946428571428573 0.3794642857142857
1 0.8058035714285714 0.4955357142857143 0.10267857142857142 0.41964285714285715
1 0.765625 0.34151785714285715 0.08035714285714286 0.30357142857142855
