1 0.11383928571428571 0.8526785714285714 0.13839285714285715 0.29464285714285715
1 0.6629464285714286 0.75 0.22767857142857142 0.48660714285714285
1 0.578125 0.6986607142857143 0.17410714285714285 0.5982142857142857
1 0.8772321428571429 0.8102678571428571 0.21875 0.33482142857142855
1 0.8035714285714286 0.23660714285714285 0.017857142857142856 0.049107142857142856
1 0.796875 0.42410714285714285 0.12946428571428573 0.48214285714285715
1 0.671875 0.4888392857142857 0.13392857142857142 0.49107142857142855
1 0.7053571428571429 0.6361607142857143 0.16517857142857142 0.6205357142857143
1 0.5513392857142857 0.625 0.15178571428571427 0.6026785714285714
1 0.8883928571428571 0.6607142857142857 0.17857142857142858 0.6294642857142857
