1 0.47098214285714285 0.43080357142857145 0.109375 0.41517857142857145
1 0.20535714285714285 0.7075892857142857 0.14285714285714285 0.5803571428571429
1 0.5066964285714286 0.7544642857142857 0.13839285714285715 0.484375
1 0.5580357142857143 0.5892857142857143 0.11607142857142858 0.4888392857142857
1 0.7857142857142857 0.7834821428571429 0.15401785714285715 0.4263392857142857
1 0.7098214285714286 0.4375 0.078125 0.4642857142857143
1 0.828125 0.43080357142857145 0.05357142857142857 0.43526785714285715
1 0.7767857142857143 0.4799107142857143 0.078125 0.4732142857142857
1 0.45535714285714285 0.6696428571428571 0.08928571428571429 0.45982142857142855
1 0.29910714285714285 0.625 0.11607142857142858 0.5535714285714286
1 0.38839285714285715 0.6428571428571429 0.09821428571428571 0.5401785714285714
1 0.9151785714285714 0.8191964285714286 0.16071428571428573 0.3549107142857143
1 0.6116071428571429 0.6026785714285714 0.109375 0.5424107142857143
1 0.5959821428571429 0.8526785714285714 0.13392857142857142 0.28794642857142855
