1 0.4732142857142857 0.7723214285714286 0.2857142857142857 0.45535714285714285
1 0.6651785714285714 0.734375 0.20089285714285715 0.5044642857142857
1 0.7254464285714286 0.3794642857142857 0.14732142857142858 0.48214285714285715
1 0.9040178571428571 0.609375 0.19196428571428573 0.6473214285714286
1 0.8794642857142857 0.4575892857142857 0.10714285714285714 0.4330357142857143
1 0.8325892857142857 0.33705357142857145 0.10714285714285714 0.36607142857142855
1 0.47098214285714285 0.8794642857142857 0.16517857142857142 0.24107142857142858
1 0.7723214285714286 0.8058035714285714 0.16071428571428573 0.33482142857142855
1 0.8482142857142857 0.7477678571428571 0.16517857142857142 0.42857142857142855
1 0.44642857142857145 0.4955357142857143 0.15178571428571427 0.4419642857142857
1 0.7209821428571429 0.5758928571428571 0.15178571428571427 0.5178571428571429
1 0.8125 0.4732142857142857 0.14732142857142858 0.47767857142857145
1 0.6852678571428571 0.4263392857142857 0.10714285714285714 0.4017857142857143
1 0.7745535714285714 0.359375 0.10714285714285714 0.38392857142857145
