1 0.8883928571428571 0.5892857142857143 0.12946428571428573 0.5223214285714286
1 0.8683035714285714 0.7410714285714286 0.13392857142857142 0.515625
1 0.7209821428571429 0.6160714285714286 0.10267857142857142 0.5870535714285714
1 0.46205357142857145 0.6026785714285714 0.08482142857142858 0.5625
1 0.6808035714285714 0.29017857142857145 0.04017857142857143 0.28125
1 0.6428571428571429 0.25223214285714285 0.049107142857142856 0.25669642857142855
1 0.6272321428571429 0.41294642857142855 0.08482142857142858 0.3861607142857143
1 0.8660714285714286 0.390625 0.060267857142857144 0.3549107142857143
1 0.5959821428571429 0.6852678571428571 0.13169642857142858 0.5959821428571429
1 0.453125 0.5669642857142857 0.08705357142857142 0.5580357142857143
1 0.7366071428571429 0.3236607142857143 0.078125 0.22991071428571427
