1 0.25223214285714285 0.7321428571428571 0.16294642857142858 0.5334821428571429
1 0.328125 0.5714285714285714 0.11160714285714286 0.546875
1 0.5491071428571429 0.8080357142857143 0.15178571428571427 0.3794642857142857
1 0.5892857142857143 0.5691964285714286 0.15178571428571427 0.5848214285714286
1 0.5089285714285714 0.5267857142857143 0.11607142857142858 0.5558035714285714
1 0.5959821428571429 0.49330357142857145 0.06696428571428571 0.4486607142857143
1 0.8191964285714286 0.4575892857142857 0.07589285714285714 0.4732142857142857
1 0.6964285714285714 0.29464285714285715 0.06696428571428571 0.3013392857142857
1 0.7700892857142857 0.29910714285714285 0.05803571428571429 0.28125
1 0.9151785714285714 0.75 0.12946428571428573 0.49330357142857145
1 0.5267857142857143 0.6830357142857143 0.14732142857142858 0.6294642857142857
