1 0.7879464285714286 0.71875 0.15178571428571427 0.5602678571428571
1 0.6607142857142857 0.49107142857142855 0.109375 0.5178571428571429
1 0.5803571428571429 0.5133928571428571 0.08705357142857142 0.49107142857142855
1 0.41517857142857145 0.7299107142857143 0.12276785714285714 0.5379464285714286
1 0.06473214285714286 0.8102678571428571 0.12946428571428573 0.36160714285714285
1 0.5200892857142857 0.6584821428571429 0.13392857142857142 0.5178571428571429
1 0.9040178571428571 0.7946428571428571 0.14732142857142858 0.40625
1 0.19196428571428573 0.890625 0.15848214285714285 0.21651785714285715
1 0.5223214285714286 0.8125 0.15848214285714285 0.36830357142857145
1 0.7633928571428571 0.26339285714285715 0.046875 0.22321428571428573
