1 0.7254464285714286 0.34375 0.05357142857142857 0.3169642857142857
1 0.8236607142857143 0.41517857142857145 0.09821428571428571 0.45535714285714285
1 0.9129464285714286 0.65625 0.16964285714285715 0.6383928571428571
1 0.8191964285714286 0.8348214285714286 0.20982142857142858 0.33035714285714285
1 0.7276785714285714 0.7857142857142857 0.13392857142857142 0.42857142857142855
1 0.640625 0.6986607142857143 0.09821428571428571 0.6026785714285714
1 0.6964285714285714 0.5736607142857143 0.11160714285714286 0.5982142857142857
1 0.5915178571428571 0.53125 0.07589285714285714 0.47767857142857145
1 0.49330357142857145 0.5580357142857143 0.10714285714285714 0.49107142857142855
1 0.42410714285714285 0.6026785714285714 0.10714285714285714 0.5803571428571429
1 0.36830357142857145 0.7209821428571429 0.11160714285714286 0.5491071428571429
1 0.265625 0.7790178571428571 0.11607142857142858 0.42857142857142855
