1 0.7053571428571429 0.26339285714285715 0.05357142857142857 0.2544642857142857
1 0.39285714285714285 0.7008928571428571 0.14732142857142858 0.5959821428571429
1 0.5535714285714286 0.6540178571428571 0.171875 0.6897321428571429
1 0.6071428571428571 0.41964285714285715 0.07142857142857142 0.34151785714285715
1 0.7098214285714286 0.6763392857142857 0.140625 0.6450892857142857
1 0.8348214285714286 0.6852678571428571 0.12276785714285714 0.625
1 0.7901785714285714 0.5245535714285714 0.12276785714285714 0.5089285714285714
1 0.7053571428571429 0.42410714285714285 0.08035714285714286 0.39955357142857145
1 0.8571428571428571 0.453125 0.09598214285714286 0.38839285714285715
1 0.7633928571428571 0.28794642857142855 0.06473214285714286 0.32142857142857145
