1 0.4419642857142857 0.7767857142857143 0.23214285714285715 0.4419642857142857
1 0.6361607142857143 0.7522321428571429 0.14285714285714285 0.49107142857142855
1 0.7388392857142857 0.40848214285714285 0.08928571428571429 0.4732142857142857
1 0.8950892857142857 0.6584821428571429 0.125 0.6339285714285714
1 0.8816964285714286 0.5044642857142857 0.05357142857142857 0.42857142857142855
1 0.8504464285714286 0.3794642857142857 0.0625 0.36160714285714285
1 0.42410714285714285 0.8794642857142857 0.13839285714285715 0.23660714285714285
1 0.7321428571428571 0.8370535714285714 0.125 0.32142857142857145
1 0.8147321428571429 0.7879464285714286 0.11607142857142858 0.41964285714285715
1 0.44642857142857145 0.4888392857142857 0.09821428571428571 0.4330357142857143
1 0.7098214285714286 0.6026785714285714 0.08928571428571429 0.5089285714285714
1 0.8125 0.5111607142857143 0.08928571428571429 0.4732142857142857
1 0.6919642857142857 0.4486607142857143 0.0625 0.4017857142857143
1 0.7901785714285714 0.39285714285714285 0.0625 0.3794642857142857
