1 0.4732142857142857 0.7142857142857143 0.23660714285714285 0.5691964285714286
1 0.5245535714285714 0.5223214285714286 0.08035714285714286 0.4732142857142857
1 0.5334821428571429 0.5803571428571429 0.08705357142857142 0.5334821428571429
1 0.6071428571428571 0.5133928571428571 0.10044642857142858 0.5066964285714286
1 0.5491071428571429 0.4330357142857143 0.06919642857142858 0.40401785714285715
1 0.765625 0.7053571428571429 0.12053571428571429 0.5848214285714286
1 0.7522321428571429 0.5379464285714286 0.12946428571428573 0.48660714285714285
1 0.7678571428571429 0.4642857142857143 0.06696428571428571 0.4107142857142857
1 0.7767857142857143 0.40625 0.06696428571428571 0.390625
1 0.84375 0.4642857142857143 0.09821428571428571 0.41517857142857145
1 0.8950892857142857 0.6651785714285714 0.12053571428571429 0.6674107142857143
