1 0.6651785714285714 0.6272321428571429 0.12946428571428573 0.5982142857142857
1 0.8950892857142857 0.6808035714285714 0.08482142857142858 0.46875
1 0.5111607142857143 0.49776785714285715 0.10267857142857142 0.5625
1 0.6071428571428571 0.40401785714285715 0.0625 0.36607142857142855
1 0.78125 0.7142857142857143 0.20535714285714285 0.5625
1 0.8191964285714286 0.5401785714285714 0.11160714285714286 0.4642857142857143
1 0.7924107142857143 0.39732142857142855 0.11607142857142858 0.39732142857142855
1 0.7299107142857143 0.39285714285714285 0.07589285714285714 0.36160714285714285
1 0.6986607142857143 0.48660714285714285 0.09821428571428571 0.5
1 0.9285714285714286 0.640625 0.14285714285714285 0.6116071428571429
