1 0.22767857142857142 0.8526785714285714 0.18303571428571427 0.28794642857142855
1 0.5513392857142857 0.7745535714285714 0.24107142857142858 0.44419642857142855
1 0.8147321428571429 0.7834821428571429 0.21205357142857142 0.42857142857142855
1 0.5669642857142857 0.5736607142857143 0.15401785714285715 0.5357142857142857
1 0.32142857142857145 0.7254464285714286 0.09151785714285714 0.546875
1 0.2611607142857143 0.6830357142857143 0.11830357142857142 0.59375
1 0.19866071428571427 0.7388392857142857 0.109375 0.5178571428571429
1 0.5892857142857143 0.5111607142857143 0.10044642857142858 0.5491071428571429
1 0.7723214285714286 0.49330357142857145 0.06473214285714286 0.4575892857142857
1 0.7477678571428571 0.4375 0.05803571428571429 0.41517857142857145
1 0.8638392857142857 0.4642857142857143 0.078125 0.41294642857142855
1 0.8035714285714286 0.39732142857142855 0.06919642857142858 0.3705357142857143
