1 0.6383928571428571 0.7834821428571429 0.25 0.4330357142857143
1 0.49330357142857145 0.7589285714285714 0.16517857142857142 0.48214285714285715
1 0.3549107142857143 0.6964285714285714 0.14285714285714285 0.5982142857142857
1 0.5602678571428571 0.35714285714285715 0.0625 0.3794642857142857
1 0.43973214285714285 0.625 0.12053571428571429 0.5223214285714286
1 0.421875 0.5178571428571429 0.08482142857142858 0.41517857142857145
1 0.8727678571428571 0.859375 0.20982142857142858 0.28125
1 0.6651785714285714 0.4642857142857143 0.09821428571428571 0.375
1 0.5602678571428571 0.484375 0.13839285714285715 0.40625
1 0.6183035714285714 0.3169642857142857 0.07589285714285714 0.3080357142857143
1 0.8035714285714286 0.22098214285714285 0.03125 0.1875
