1 0.7857142857142857 0.7276785714285714 0.21428571428571427 0.46875
1 0.5758928571428571 0.7723214285714286 0.21875 0.45089285714285715
1 0.46875 0.8526785714285714 0.21428571428571427 0.29464285714285715
1 0.5915178571428571 0.484375 0.15178571428571427 0.46875
1 0.6495535714285714 0.3794642857142857 0.11607142857142858 0.38392857142857145
1 0.43080357142857145 0.671875 0.16964285714285715 0.5178571428571429
1 0.5736607142857143 0.33482142857142855 0.13392857142857142 0.39732142857142855
1 0.5022321428571429 0.40625 0.13839285714285715 0.4330357142857143
1 0.45089285714285715 0.3794642857142857 0.125 0.3482142857142857
1 0.39732142857142855 0.4575892857142857 0.125 0.3169642857142857
1 0.8794642857142857 0.7834821428571429 0.21875 0.3392857142857143
