1 0.6629464285714286 0.43526785714285715 0.13392857142857142 0.4107142857142857
1 0.5825892857142857 0.43526785714285715 0.10267857142857142 0.48214285714285715
1 0.5133928571428571 0.6183035714285714 0.17857142857142858 0.5892857142857143
1 0.9151785714285714 0.2611607142857143 0.0625 0.22321428571428573
1 0.8861607142857143 0.33035714285714285 0.0625 0.25
1 0.8236607142857143 0.8973214285714286 0.25892857142857145 0.1875
1 0.8080357142857143 0.359375 0.07589285714285714 0.3482142857142857
1 0.8080357142857143 0.4375 0.08035714285714286 0.3705357142857143
1 0.8772321428571429 0.21651785714285715 0.044642857142857144 0.16517857142857142
1 0.609375 0.38169642857142855 0.08482142857142858 0.40625
