1 0.6763392857142857 0.7053571428571429 0.25 0.5669642857142857
1 0.9464285714285714 0.8258928571428571 0.10714285714285714 0.25
1 0.42857142857142855 0.33705357142857145 0.10714285714285714 0.34375
1 0.7321428571428571 0.40401785714285715 0.13392857142857142 0.44642857142857145
1 0.8616071428571429 0.46875 0.16071428571428573 0.5580357142857143
1 0.8348214285714286 0.36830357142857145 0.10267857142857142 0.40625
1 0.7723214285714286 0.31473214285714285 0.09375 0.30357142857142855
1 0.5245535714285714 0.8013392857142857 0.18303571428571427 0.39732142857142855
1 0.7566964285714286 0.8191964285714286 0.19642857142857142 0.32142857142857145
1 0.7946428571428571 0.5424107142857143 0.125 0.5178571428571429
1 0.6941964285714286 0.515625 0.15178571428571427 0.4642857142857143
1 0.7745535714285714 0.40401785714285715 0.11607142857142858 0.4017857142857143
