1 0.8392857142857143 0.47544642857142855 0.09375 0.44419642857142855
1 0.6941964285714286 0.45982142857142855 0.08705357142857142 0.484375
1 0.5758928571428571 0.4955357142857143 0.10491071428571429 0.5290178571428571
1 0.47544642857142855 0.4732142857142857 0.10714285714285714 0.48214285714285715
1 0.20982142857142858 0.6026785714285714 0.11830357142857142 0.5357142857142857
1 0.060267857142857144 0.8370535714285714 0.12053571428571429 0.3169642857142857
1 0.41517857142857145 0.6986607142857143 0.14285714285714285 0.6004464285714286
1 0.5803571428571429 0.8392857142857143 0.17633928571428573 0.3169642857142857
1 0.14285714285714285 0.19866071428571427 0.024553571428571428 0.14285714285714285
1 0.5535714285714286 0.05803571428571429 0.013392857142857142 0.07142857142857142
1 0.5334821428571429 0.060267857142857144 0.015625 0.06473214285714286
1 0.2924107142857143 0.6183035714285714 0.10044642857142858 0.53125
1 0.38392857142857145 0.5200892857142857 0.08928571428571429 0.3950892857142857
