1 0.4375 0.7901785714285714 0.12053571428571429 0.4107142857142857
1 0.5111607142857143 0.6830357142857143 0.11607142857142858 0.6227678571428571
1 0.6294642857142857 0.6964285714285714 0.11383928571428571 0.6049107142857143
1 0.7321428571428571 0.5558035714285714 0.10267857142857142 0.5513392857142857
1 0.7566964285714286 0.4330357142857143 0.078125 0.41517857142857145
1 0.7366071428571429 0.41517857142857145 0.06696428571428571 0.4375
1 0.8415178571428571 0.49107142857142855 0.11160714285714286 0.4017857142857143
1 0.8526785714285714 0.43973214285714285 0.06919642857142858 0.36607142857142855
1 0.8995535714285714 0.7901785714285714 0.14508928571428573 0.41517857142857145
1 0.7165178571428571 0.8102678571428571 0.265625 0.375
1 0.8370535714285714 0.5625 0.11160714285714286 0.46875
1 0.6450892857142857 0.34598214285714285 0.07366071428571429 0.33035714285714285
