1 0.8392857142857143 0.5178571428571429 0.14732142857142858 0.45089285714285715
1 0.6986607142857143 0.484375 0.14732142857142858 0.49107142857142855
1 0.5758928571428571 0.5044642857142857 0.16964285714285715 0.5357142857142857
1 0.4799107142857143 0.47098214285714285 0.16517857142857142 0.49107142857142855
1 0.19866071428571427 0.5669642857142857 0.18303571428571427 0.5446428571428571
1 0.049107142857142856 0.78125 0.09821428571428571 0.33035714285714285
1 0.390625 0.6875 0.21428571428571427 0.6116071428571429
1 0.5357142857142857 0.8392857142857143 0.21428571428571427 0.32142857142857145
1 0.18303571428571427 0.15848214285714285 0.04017857142857143 0.14285714285714285
1 0.6071428571428571 0.06696428571428571 0.022321428571428572 0.07142857142857142
1 0.5870535714285714 0.06696428571428571 0.022321428571428572 0.06696428571428571
1 0.27901785714285715 0.5915178571428571 0.16517857142857142 0.5401785714285714
1 0.38169642857142855 0.5066964285714286 0.13839285714285715 0.4017857142857143
