1 0.6540178571428571 0.7232142857142857 0.19196428571428573 0.5491071428571429
1 0.9352678571428571 0.875 0.12723214285714285 0.23883928571428573
1 0.44642857142857145 0.33035714285714285 0.07142857142857142 0.3392857142857143
1 0.7410714285714286 0.42857142857142855 0.08705357142857142 0.4419642857142857
1 0.8638392857142857 0.5066964285714286 0.10267857142857142 0.5513392857142857
1 0.8459821428571429 0.40401785714285715 0.0625 0.4017857142857143
1 0.7901785714285714 0.34375 0.06473214285714286 0.296875
1 0.49330357142857145 0.8035714285714286 0.14285714285714285 0.38839285714285715
1 0.7209821428571429 0.84375 0.16517857142857142 0.3080357142857143
1 0.7879464285714286 0.5736607142857143 0.07142857142857142 0.5111607142857143
1 0.6919642857142857 0.5357142857142857 0.10491071428571429 0.4575892857142857
1 0.7834821428571429 0.4330357142857143 0.07589285714285714 0.3950892857142857
