1 0.3236607142857143 0.734375 0.171875 0.5290178571428571
1 0.3950892857142857 0.671875 0.11160714285714286 0.6517857142857143
1 0.45982142857142855 0.59375 0.125 0.6049107142857143
1 0.6495535714285714 0.5334821428571429 0.11830357142857142 0.5111607142857143
1 0.8125 0.6763392857142857 0.12723214285714285 0.6183035714285714
1 0.875 0.6116071428571429 0.14732142857142858 0.6316964285714286
1 0.8214285714285714 0.40401785714285715 0.08928571428571429 0.38839285714285715
1 0.8816964285714286 0.33705357142857145 0.060267857142857144 0.30580357142857145
1 0.8258928571428571 0.3236607142857143 0.06696428571428571 0.25892857142857145
1 0.7433035714285714 0.35044642857142855 0.05357142857142857 0.265625
1 0.7053571428571429 0.4017857142857143 0.06473214285714286 0.34151785714285715
1 0.6540178571428571 0.27232142857142855 0.05803571428571429 0.22767857142857142
1 0.5401785714285714 0.5379464285714286 0.11160714285714286 0.5267857142857143
1 0.7678571428571429 0.7232142857142857 0.13169642857142858 0.5513392857142857
1 0.6450892857142857 0.7299107142857143 0.13169642857142858 0.5379464285714286
