1 0.6339285714285714 0.5714285714285714 0.11160714285714286 0.5825892857142857
1 0.31919642857142855 0.5625 0.10267857142857142 0.5334821428571429
1 0.20758928571428573 0.6540178571428571 0.11383928571428571 0.5691964285714286
1 0.18526785714285715 0.8169642857142857 0.19866071428571427 0.36160714285714285
1 0.765625 0.5915178571428571 0.109375 0.5602678571428571
1 0.7120535714285714 0.4799107142857143 0.08705357142857142 0.5022321428571429
1 0.8727678571428571 0.5803571428571429 0.10044642857142858 0.5111607142857143
1 0.9441964285714286 0.5669642857142857 0.11160714285714286 0.45535714285714285
1 0.38839285714285715 0.7857142857142857 0.19419642857142858 0.421875
1 0.90625 0.8080357142857143 0.18526785714285715 0.3705357142857143
1 0.8348214285714286 0.49107142857142855 0.06919642857142858 0.4732142857142857
1 0.8058035714285714 0.43973214285714285 0.06919642857142858 0.49107142857142855
