1 0.14732142857142858 0.7767857142857143 0.1875 0.35267857142857145
1 0.27232142857142855 0.6964285714285714 0.21428571428571427 0.5491071428571429
1 0.46875 0.8370535714285714 0.19642857142857142 0.32589285714285715
1 0.46651785714285715 0.703125 0.20982142857142858 0.5803571428571429
1 0.8102678571428571 0.5133928571428571 0.15625 0.47767857142857145
1 0.8660714285714286 0.6964285714285714 0.26785714285714285 0.6071428571428571
1 0.8526785714285714 0.8660714285714286 0.22321428571428573 0.26785714285714285
1 0.35714285714285715 0.5848214285714286 0.24107142857142858 0.65625
1 0.5424107142857143 0.6138392857142857 0.24107142857142858 0.5580357142857143
1 0.7946428571428571 0.27901785714285715 0.0625 0.20982142857142858
