1 0.4017857142857143 0.59375 0.13616071428571427 0.6272321428571429
1 0.28125 0.7544642857142857 0.12723214285714285 0.484375
1 0.07366071428571429 0.8013392857142857 0.14732142857142858 0.39285714285714285
1 0.7075892857142857 0.44642857142857145 0.0625 0.46651785714285715
1 0.4799107142857143 0.28794642857142855 0.05580357142857143 0.25669642857142855
1 0.23214285714285715 0.16964285714285715 0.017857142857142856 0.12053571428571429
1 0.8928571428571429 0.640625 0.13839285714285715 0.6785714285714286
1 0.8348214285714286 0.5736607142857143 0.11607142857142858 0.5066964285714286
1 0.78125 0.640625 0.11383928571428571 0.5714285714285714
1 0.7611607142857143 0.38839285714285715 0.06919642857142858 0.390625
1 0.8415178571428571 0.234375 0.033482142857142856 0.22544642857142858
1 0.7834821428571429 0.22767857142857142 0.03794642857142857 0.21651785714285715
1 0.5513392857142857 0.06696428571428571 0.011160714285714286 0.06696428571428571
1 0.5625 0.0625 0.013392857142857142 0.07366071428571429
1 0.8147321428571429 0.21875 0.03571428571428571 0.18526785714285715
1 0.875 0.12276785714285714 0.029017857142857144 0.10714285714285714
1 0.7611607142857143 0.19642857142857142 0.046875 0.19196428571428573
