1 0.6584821428571429 0.8191964285714286 0.18303571428571427 0.3549107142857143
1 0.8973214285714286 0.8549107142857143 0.16964285714285715 0.2857142857142857
1 0.8191964285714286 0.7366071428571429 0.15178571428571427 0.5245535714285714
1 0.5178571428571429 0.5401785714285714 0.08705357142857142 0.453125
1 0.6116071428571429 0.359375 0.05133928571428571 0.34151785714285715
1 0.9151785714285714 0.5959821428571429 0.11383928571428571 0.44642857142857145
1 0.640625 0.6227678571428571 0.15178571428571427 0.5625
1 0.6941964285714286 0.47544642857142855 0.08928571428571429 0.3861607142857143
1 0.7633928571428571 0.375 0.07142857142857142 0.33035714285714285
1 0.49107142857142855 0.42857142857142855 0.078125 0.453125
1 0.5424107142857143 0.44642857142857145 0.08035714285714286 0.41964285714285715
1 0.8526785714285714 0.36607142857142855 0.07142857142857142 0.41294642857142855
1 0.8058035714285714 0.34375 0.06919642857142858 0.3013392857142857
