1 0.09151785714285714 0.8392857142857143 0.11830357142857142 0.31473214285714285
1 0.6450892857142857 0.7611607142857143 0.19642857142857142 0.4732142857142857
1 0.5647321428571429 0.703125 0.13169642857142858 0.5892857142857143
1 0.8549107142857143 0.8348214285714286 0.19866071428571427 0.3236607142857143
1 0.8214285714285714 0.25892857142857145 0.015625 0.046875
1 0.8013392857142857 0.44419642857142855 0.09598214285714286 0.47544642857142855
1 0.671875 0.5 0.10044642857142858 0.48660714285714285
1 0.6964285714285714 0.6495535714285714 0.12053571428571429 0.6138392857142857
1 0.5424107142857143 0.6272321428571429 0.109375 0.5959821428571429
1 0.8772321428571429 0.6875 0.13392857142857142 0.6227678571428571
