1 0.5736607142857143 0.7165178571428571 0.14732142857142858 0.5669642857142857
1 0.7544642857142857 0.3482142857142857 0.10267857142857142 0.29910714285714285
1 0.6607142857142857 0.3861607142857143 0.08035714285714286 0.2544642857142857
1 0.34598214285714285 0.75 0.22321428571428573 0.47767857142857145
1 0.17410714285714285 0.7165178571428571 0.24107142857142858 0.5133928571428571
1 0.8504464285714286 0.6696428571428571 0.16071428571428573 0.5
1 0.84375 0.4375 0.13839285714285715 0.3794642857142857
1 0.4888392857142857 0.6785714285714286 0.14732142857142858 0.5803571428571429
1 0.6674107142857143 0.6473214285714286 0.19196428571428573 0.625
1 0.47767857142857145 0.5334821428571429 0.18303571428571427 0.5580357142857143
1 0.7991071428571429 0.7299107142857143 0.32142857142857145 0.5401785714285714
