1 0.6584821428571429 0.6361607142857143 0.14285714285714285 0.5982142857142857
1 0.8861607142857143 0.7008928571428571 0.09375 0.4732142857142857
1 0.5111607142857143 0.49776785714285715 0.11160714285714286 0.5669642857142857
1 0.6116071428571429 0.4107142857142857 0.07142857142857142 0.36607142857142855
1 0.7678571428571429 0.7209821428571429 0.21428571428571427 0.5580357142857143
1 0.8169642857142857 0.5558035714285714 0.12053571428571429 0.4642857142857143
1 0.796875 0.41294642857142855 0.125 0.4017857142857143
1 0.7366071428571429 0.40625 0.08035714285714286 0.36160714285714285
1 0.6986607142857143 0.49776785714285715 0.10714285714285714 0.5044642857142857
1 0.921875 0.6629464285714286 0.15625 0.6116071428571429
