1 0.6651785714285714 0.4419642857142857 0.11830357142857142 0.40625
1 0.5848214285714286 0.4375 0.08705357142857142 0.4799107142857143
1 0.5089285714285714 0.6183035714285714 0.15625 0.5848214285714286
1 0.9241071428571429 0.2767857142857143 0.05357142857142857 0.22321428571428573
1 0.8928571428571429 0.34375 0.05580357142857143 0.25
1 0.8102678571428571 0.9084821428571429 0.25223214285714285 0.17857142857142858
1 0.8125 0.3705357142857143 0.06473214285714286 0.34598214285714285
1 0.8102678571428571 0.4486607142857143 0.06919642857142858 0.36830357142857145
1 0.8861607142857143 0.22991071428571427 0.03794642857142857 0.16294642857142858
1 0.6138392857142857 0.3861607142857143 0.07142857142857142 0.40401785714285715
