1 0.4375 0.7834821428571429 0.19642857142857142 0.4330357142857143
1 0.19196428571428573 0.6941964285714286 0.16517857142857142 0.5625
1 0.21875 0.71875 0.21428571428571427 0.5625
1 0.33705357142857145 0.5290178571428571 0.17410714285714285 0.4732142857142857
1 0.39285714285714285 0.6808035714285714 0.22767857142857142 0.5758928571428571
1 0.359375 0.8236607142857143 0.18303571428571427 0.35267857142857145
1 0.6049107142857143 0.8794642857142857 0.19196428571428573 0.23660714285714285
1 0.65625 0.5089285714285714 0.15625 0.5357142857142857
1 0.609375 0.4642857142857143 0.11160714285714286 0.4419642857142857
1 0.765625 0.8459821428571429 0.18303571428571427 0.26339285714285715
1 0.75 0.578125 0.19642857142857142 0.5357142857142857
1 0.7834821428571429 0.43973214285714285 0.15178571428571427 0.49107142857142855
