1 0.12276785714285714 0.8125 0.1875 0.3482142857142857
1 0.49107142857142855 0.7254464285714286 0.17857142857142858 0.5491071428571429
1 0.3013392857142857 0.7477678571428571 0.23214285714285715 0.4955357142857143
1 0.6517857142857143 0.5022321428571429 0.07589285714285714 0.47767857142857145
1 0.6830357142857143 0.5848214285714286 0.10267857142857142 0.5714285714285714
1 0.8035714285714286 0.5758928571428571 0.14285714285714285 0.6026785714285714
1 0.90625 0.5736607142857143 0.14285714285714285 0.53125
1 0.8794642857142857 0.5133928571428571 0.10267857142857142 0.48660714285714285
1 0.8794642857142857 0.8660714285714286 0.19642857142857142 0.26785714285714285
1 0.796875 0.45535714285714285 0.09375 0.48660714285714285
