1 0.033482142857142856 0.8058035714285714 0.06696428571428571 0.24553571428571427
1 0.09375 0.8236607142857143 0.16071428571428573 0.24553571428571427
1 0.22544642857142858 0.90625 0.13392857142857142 0.125
1 0.5044642857142857 0.9107142857142857 0.125 0.17857142857142858
1 0.8258928571428571 0.8102678571428571 0.19642857142857142 0.3794642857142857
1 0.8705357142857143 0.33705357142857145 0.09821428571428571 0.26339285714285715
1 0.8995535714285714 0.32589285714285715 0.08035714285714286 0.26339285714285715
1 0.9129464285714286 0.375 0.09375 0.3080357142857143
1 0.8816964285714286 0.45982142857142855 0.12946428571428573 0.4107142857142857
1 0.34151785714285715 0.734375 0.2544642857142857 0.5044642857142857
1 0.7723214285714286 0.8325892857142857 0.39285714285714285 0.33482142857142855
1 0.9129464285714286 0.7433035714285714 0.17410714285714285 0.5133928571428571
