1 0.6160714285714286 0.7321428571428571 0.24107142857142858 0.5133928571428571
1 0.16517857142857142 0.4575892857142857 0.13839285714285715 0.2857142857142857
1 0.8392857142857143 0.6183035714285714 0.19642857142857142 0.6383928571428571
1 0.2857142857142857 0.8169642857142857 0.19642857142857142 0.36607142857142855
1 0.6540178571428571 0.41964285714285715 0.13392857142857142 0.42410714285714285
1 0.671875 0.30580357142857145 0.09821428571428571 0.29464285714285715
1 0.7433035714285714 0.25669642857142855 0.09821428571428571 0.3125
1 0.4263392857142857 0.8549107142857143 0.23660714285714285 0.29017857142857145
1 0.5602678571428571 0.3950892857142857 0.14285714285714285 0.39285714285714285
1 0.5825892857142857 0.22767857142857142 0.08482142857142858 0.22321428571428573
