1 0.7455357142857143 0.7700892857142857 0.14732142857142858 0.453125
1 0.53125 0.78125 0.15178571428571427 0.43080357142857145
1 0.41294642857142855 0.8526785714285714 0.16964285714285715 0.28794642857142855
1 0.59375 0.5 0.08258928571428571 0.45982142857142855
1 0.6674107142857143 0.40401785714285715 0.05803571428571429 0.3794642857142857
1 0.40401785714285715 0.6584821428571429 0.08928571428571429 0.5089285714285714
1 0.5982142857142857 0.3482142857142857 0.07366071428571429 0.390625
1 0.515625 0.40848214285714285 0.07142857142857142 0.42857142857142855
1 0.47098214285714285 0.37276785714285715 0.07142857142857142 0.34151785714285715
1 0.40625 0.4419642857142857 0.07589285714285714 0.31026785714285715
1 0.8303571428571429 0.8392857142857143 0.171875 0.3169642857142857
