1 0.21651785714285715 0.84375 0.19196428571428573 0.29464285714285715
1 0.5424107142857143 0.7745535714285714 0.2544642857142857 0.45089285714285715
1 0.8013392857142857 0.7879464285714286 0.22767857142857142 0.42410714285714285
1 0.5647321428571429 0.5758928571428571 0.17410714285714285 0.5401785714285714
1 0.31473214285714285 0.71875 0.11160714285714286 0.5491071428571429
1 0.2544642857142857 0.6741071428571429 0.13839285714285715 0.5982142857142857
1 0.18973214285714285 0.7276785714285714 0.12946428571428573 0.5223214285714286
1 0.5892857142857143 0.5133928571428571 0.12053571428571429 0.5535714285714286
1 0.7723214285714286 0.5022321428571429 0.08035714285714286 0.45982142857142855
1 0.75 0.44642857142857145 0.07142857142857142 0.41517857142857145
1 0.8638392857142857 0.47767857142857145 0.09375 0.41517857142857145
1 0.8080357142857143 0.40848214285714285 0.08035714285714286 0.3705357142857143
