1 0.09375 0.8526785714285714 0.13392857142857142 0.28794642857142855
1 0.35267857142857145 0.6986607142857143 0.16071428571428573 0.5982142857142857
1 0.45089285714285715 0.7433035714285714 0.17410714285714285 0.5111607142857143
1 0.5691964285714286 0.8236607142857143 0.140625 0.3482142857142857
1 0.5915178571428571 0.4642857142857143 0.07142857142857142 0.4419642857142857
1 0.6629464285714286 0.5 0.07589285714285714 0.4642857142857143
1 0.7745535714285714 0.765625 0.16071428571428573 0.4642857142857143
1 0.8995535714285714 0.8392857142857143 0.19419642857142858 0.31473214285714285
1 0.7991071428571429 0.4330357142857143 0.07589285714285714 0.4375
1 0.9129464285714286 0.5044642857142857 0.08035714285714286 0.46651785714285715
1 0.8303571428571429 0.5267857142857143 0.10714285714285714 0.515625
