1 0.6316964285714286 0.625 0.18303571428571427 0.59375
1 0.71875 0.7098214285714286 0.20535714285714285 0.5803571428571429
1 0.6160714285714286 0.3950892857142857 0.13392857142857142 0.375
1 0.38839285714285715 0.7767857142857143 0.20535714285714285 0.42857142857142855
1 0.29910714285714285 0.6875 0.17857142857142858 0.5758928571428571
1 0.21651785714285715 0.71875 0.20982142857142858 0.4955357142857143
1 0.8794642857142857 0.6964285714285714 0.24107142857142858 0.6071428571428571
1 0.046875 0.6941964285714286 0.09375 0.48660714285714285
1 0.22098214285714285 0.6517857142857143 0.20982142857142858 0.6294642857142857
1 0.5290178571428571 0.6584821428571429 0.20982142857142858 0.6830357142857143
1 0.3549107142857143 0.640625 0.19642857142857142 0.6875
1 0.828125 0.47767857142857145 0.17857142857142858 0.5089285714285714
