1 0.5714285714285714 0.6763392857142857 0.16071428571428573 0.6473214285714286
1 0.7589285714285714 0.7410714285714286 0.1875 0.5178571428571429
1 0.8727678571428571 0.7165178571428571 0.20089285714285715 0.5669642857142857
1 0.7522321428571429 0.34151785714285715 0.08035714285714286 0.35267857142857145
1 0.6071428571428571 0.3705357142857143 0.08035714285714286 0.3080357142857143
1 0.6383928571428571 0.5379464285714286 0.13839285714285715 0.6026785714285714
1 0.5446428571428571 0.43080357142857145 0.08928571428571429 0.3482142857142857
1 0.5066964285714286 0.5870535714285714 0.11607142857142858 0.5
1 0.41964285714285715 0.6138392857142857 0.16071428571428573 0.6473214285714286
1 0.296875 0.6294642857142857 0.15625 0.5892857142857143
1 0.19196428571428573 0.7433035714285714 0.15625 0.48214285714285715
