1 0.24776785714285715 0.765625 0.15178571428571427 0.4642857142857143
1 0.5892857142857143 0.6808035714285714 0.12723214285714285 0.6361607142857143
1 0.9285714285714286 0.828125 0.14285714285714285 0.3392857142857143
1 0.6629464285714286 0.37723214285714285 0.09598214285714286 0.40625
1 0.5870535714285714 0.6830357142857143 0.12276785714285714 0.6316964285714286
1 0.48660714285714285 0.6986607142857143 0.10714285714285714 0.5357142857142857
1 0.4419642857142857 0.5892857142857143 0.12276785714285714 0.49776785714285715
1 0.6361607142857143 0.8214285714285714 0.140625 0.35267857142857145
1 0.7790178571428571 0.71875 0.12946428571428573 0.5602678571428571
1 0.7924107142857143 0.33482142857142855 0.06473214285714286 0.33482142857142855
1 0.5491071428571429 0.5 0.07142857142857142 0.47544642857142855
1 0.8772321428571429 0.6607142857142857 0.15848214285714285 0.5915178571428571
