1 0.24776785714285715 0.8214285714285714 0.23660714285714285 0.3080357142857143
1 0.43080357142857145 0.4888392857142857 0.15625 0.4642857142857143
1 0.5245535714285714 0.4888392857142857 0.16517857142857142 0.5178571428571429
1 0.640625 0.42857142857142855 0.13839285714285715 0.42857142857142855
1 0.6473214285714286 0.5625 0.17410714285714285 0.5
1 0.7299107142857143 0.5736607142857143 0.16071428571428573 0.5446428571428571
1 0.9174107142857143 0.7165178571428571 0.16517857142857142 0.5669642857142857
1 0.7589285714285714 0.42857142857142855 0.14732142857142858 0.45089285714285715
1 0.8214285714285714 0.6205357142857143 0.19642857142857142 0.59375
1 0.6830357142857143 0.5022321428571429 0.16071428571428573 0.4642857142857143
