1 0.7477678571428571 0.7366071428571429 0.23660714285714285 0.5267857142857143
1 0.6607142857142857 0.515625 0.1875 0.5267857142857143
1 0.578125 0.5267857142857143 0.16071428571428573 0.5
1 0.3794642857142857 0.7142857142857143 0.20535714285714285 0.5491071428571429
1 0.05580357142857143 0.7388392857142857 0.11160714285714286 0.3794642857142857
1 0.4955357142857143 0.6607142857142857 0.21428571428571427 0.53125
1 0.8504464285714286 0.8214285714285714 0.20982142857142858 0.35714285714285715
1 0.13392857142857142 0.8370535714285714 0.19196428571428573 0.23660714285714285
1 0.4732142857142857 0.8080357142857143 0.21428571428571427 0.38392857142857145
1 0.796875 0.3080357142857143 0.08035714285714286 0.22767857142857142
