1 0.28794642857142855 0.7433035714285714 0.23660714285714285 0.5133928571428571
1 0.3392857142857143 0.59375 0.1875 0.5580357142857143
1 0.5915178571428571 0.7991071428571429 0.20089285714285715 0.39732142857142855
1 0.5982142857142857 0.5558035714285714 0.23214285714285715 0.5982142857142857
1 0.5133928571428571 0.5245535714285714 0.19196428571428573 0.5669642857142857
1 0.59375 0.4799107142857143 0.12946428571428573 0.45535714285714285
1 0.8102678571428571 0.41294642857142855 0.14285714285714285 0.47767857142857145
1 0.6651785714285714 0.2700892857142857 0.10714285714285714 0.3080357142857143
1 0.7388392857142857 0.26339285714285715 0.09821428571428571 0.2857142857142857
1 0.9241071428571429 0.6897321428571429 0.15178571428571427 0.5044642857142857
1 0.5513392857142857 0.6785714285714286 0.23214285714285715 0.6428571428571429
