1 0.734375 0.3549107142857143 0.07142857142857142 0.32142857142857145
1 0.828125 0.43080357142857145 0.12053571428571429 0.45982142857142855
1 0.8995535714285714 0.6785714285714286 0.20089285714285715 0.6428571428571429
1 0.8013392857142857 0.8415178571428571 0.22767857142857142 0.3169642857142857
1 0.7120535714285714 0.7901785714285714 0.15625 0.41964285714285715
1 0.6316964285714286 0.7008928571428571 0.12946428571428573 0.5982142857142857
1 0.6941964285714286 0.5825892857142857 0.14285714285714285 0.6026785714285714
1 0.5892857142857143 0.5357142857142857 0.10267857142857142 0.47767857142857145
1 0.4888392857142857 0.5580357142857143 0.13392857142857142 0.4955357142857143
1 0.41964285714285715 0.6004464285714286 0.13839285714285715 0.5848214285714286
1 0.35714285714285715 0.7142857142857143 0.14285714285714285 0.5535714285714286
1 0.25 0.7678571428571429 0.13839285714285715 0.4330357142857143
