1 0.15625 0.8348214285714286 0.19642857142857142 0.33035714285714285
1 0.5133928571428571 0.7254464285714286 0.19642857142857142 0.5491071428571429
1 0.328125 0.7589285714285714 0.24553571428571427 0.48214285714285715
1 0.6517857142857143 0.48660714285714285 0.09375 0.47767857142857145
1 0.6897321428571429 0.5647321428571429 0.125 0.5758928571428571
1 0.8102678571428571 0.5424107142857143 0.16517857142857142 0.6071428571428571
1 0.9107142857142857 0.53125 0.16071428571428573 0.5357142857142857
1 0.8794642857142857 0.4732142857142857 0.11607142857142858 0.48660714285714285
1 0.9084821428571429 0.8303571428571429 0.18303571428571427 0.2857142857142857
1 0.7901785714285714 0.42410714285714285 0.11160714285714286 0.48660714285714285
