1 0.6450892857142857 0.6071428571428571 0.11607142857142858 0.5848214285714286
1 0.7433035714285714 0.6964285714285714 0.12946428571428573 0.6071428571428571
1 0.6026785714285714 0.38169642857142855 0.08928571428571429 0.36607142857142855
1 0.42410714285714285 0.7879464285714286 0.15625 0.41517857142857145
1 0.3236607142857143 0.7120535714285714 0.11160714285714286 0.5714285714285714
1 0.24553571428571427 0.7522321428571429 0.15178571428571427 0.48660714285714285
1 0.9129464285714286 0.6741071428571429 0.17410714285714285 0.6428571428571429
1 0.044642857142857144 0.7477678571428571 0.08928571428571429 0.47767857142857145
1 0.24330357142857142 0.6852678571428571 0.13392857142857142 0.6205357142857143
1 0.5491071428571429 0.6584821428571429 0.12946428571428573 0.6830357142857143
1 0.37276785714285715 0.65625 0.11607142857142858 0.6785714285714286
1 0.8236607142857143 0.43973214285714285 0.11607142857142858 0.5
