1 0.4330357142857143 0.875 0.18080357142857142 0.24776785714285715
1 0.21651785714285715 0.8772321428571429 0.17857142857142858 0.23660714285714285
1 0.6785714285714286 0.6852678571428571 0.13392857142857142 0.59375
1 0.3638392857142857 0.5892857142857143 0.09598214285714286 0.49776785714285715
1 0.22098214285714285 0.7566964285714286 0.16964285714285715 0.48214285714285715
1 0.5892857142857143 0.53125 0.11160714285714286 0.5200892857142857
1 0.7745535714285714 0.6004464285714286 0.11830357142857142 0.6383928571428571
1 0.8549107142857143 0.5401785714285714 0.10714285714285714 0.4888392857142857
1 0.8928571428571429 0.6964285714285714 0.12723214285714285 0.6049107142857143
1 0.7075892857142857 0.43973214285714285 0.06696428571428571 0.41294642857142855
1 0.43080357142857145 0.6875 0.17410714285714285 0.6227678571428571
