1 0.11607142857142858 0.8660714285714286 0.15178571428571427 0.26785714285714285
1 0.3638392857142857 0.7008928571428571 0.20089285714285715 0.5982142857142857
1 0.46651785714285715 0.7410714285714286 0.20982142857142858 0.5178571428571429
1 0.5915178571428571 0.8169642857142857 0.16517857142857142 0.35714285714285715
1 0.5892857142857143 0.4575892857142857 0.10267857142857142 0.44642857142857145
1 0.6629464285714286 0.4888392857142857 0.10714285714285714 0.46875
1 0.7924107142857143 0.7455357142857143 0.19196428571428573 0.4732142857142857
1 0.90625 0.8102678571428571 0.1875 0.32589285714285715
1 0.7946428571428571 0.41294642857142855 0.10714285714285714 0.4419642857142857
1 0.9129464285714286 0.47544642857142855 0.11160714285714286 0.4732142857142857
1 0.8303571428571429 0.5044642857142857 0.14285714285714285 0.5223214285714286
