1 0.23660714285714285 0.7522321428571429 0.18303571428571427 0.46875
1 0.45535714285714285 0.8013392857142857 0.16964285714285715 0.39285714285714285
1 0.7008928571428571 0.8526785714285714 0.25892857142857145 0.29464285714285715
1 0.8816964285714286 0.7477678571428571 0.19196428571428573 0.5044642857142857
1 0.765625 0.7299107142857143 0.13839285714285715 0.53125
1 0.8883928571428571 0.6651785714285714 0.125 0.45089285714285715
1 0.9575892857142857 0.6316964285714286 0.08482142857142858 0.5669642857142857
1 0.8883928571428571 0.515625 0.125 0.5178571428571429
1 0.7633928571428571 0.5200892857142857 0.14732142857142858 0.4642857142857143
1 0.7566964285714286 0.4642857142857143 0.13839285714285715 0.4375
1 0.6763392857142857 0.4799107142857143 0.11607142857142858 0.44642857142857145
1 0.48660714285714285 0.5513392857142857 0.11160714285714286 0.4955357142857143
1 0.7321428571428571 0.4017857142857143 0.07589285714285714 0.38839285714285715
1 0.6361607142857143 0.390625 0.10714285714285714 0.41517857142857145
