1 0.6629464285714286 0.6294642857142857 0.12053571428571429 0.5959821428571429
1 0.8928571428571429 0.6875 0.078125 0.46875
1 0.5111607142857143 0.49776785714285715 0.09375 0.5625
1 0.609375 0.40625 0.05803571428571429 0.3638392857142857
1 0.7767857142857143 0.71875 0.19642857142857142 0.5602678571428571
1 0.8191964285714286 0.5446428571428571 0.10491071428571429 0.46205357142857145
1 0.7946428571428571 0.4017857142857143 0.109375 0.39732142857142855
1 0.7321428571428571 0.39732142857142855 0.06919642857142858 0.359375
1 0.6986607142857143 0.49107142857142855 0.08928571428571429 0.5
1 0.9285714285714286 0.6473214285714286 0.13392857142857142 0.609375
