1 0.828125 0.6383928571428571 0.14285714285714285 0.47767857142857145
1 0.8236607142857143 0.8214285714285714 0.3169642857142857 0.35714285714285715
1 0.8147321428571429 0.27232142857142855 0.07142857142857142 0.23214285714285715
1 0.8973214285714286 0.2767857142857143 0.049107142857142856 0.21428571428571427
1 0.8616071428571429 0.2767857142857143 0.07142857142857142 0.24107142857142858
1 0.8705357142857143 0.2611607142857143 0.05357142857142857 0.20535714285714285
1 0.13169642857142858 0.18973214285714285 0.04017857142857143 0.15178571428571427
1 0.19419642857142858 0.16517857142857142 0.03571428571428571 0.125
1 0.22544642857142858 0.16294642857142858 0.03571428571428571 0.125
1 0.25892857142857145 0.14732142857142858 0.04017857142857143 0.12053571428571429
1 0.2924107142857143 0.14732142857142858 0.03571428571428571 0.10267857142857142
1 0.32142857142857145 0.125 0.03571428571428571 0.10714285714285714
1 0.41964285714285715 0.10044642857142858 0.03125 0.08928571428571429
1 0.43973214285714285 0.09151785714285714 0.022321428571428572 0.08928571428571429
1 0.5290178571428571 0.078125 0.022321428571428572 0.07589285714285714
1 0.515625 0.07366071428571429 0.022321428571428572 0.08035714285714286
1 0.5580357142857143 0.08035714285714286 0.017857142857142856 0.07589285714285714
1 0.8258928571428571 0.11830357142857142 0.026785714285714284 0.08482142857142858
1 0.6316964285714286 0.08258928571428571 0.026785714285714284 0.08482142857142858
1 0.8571428571428571 0.13616071428571427 0.017857142857142856 0.08035714285714286
1 0.9084821428571429 0.13392857142857142 0.017857142857142856 0.07589285714285714
1 0.8258928571428571 0.25669642857142855 0.044642857142857144 0.19642857142857142
