1 0.5982142857142857 0.6674107142857143 0.18303571428571427 0.6517857142857143
1 0.7924107142857143 0.7120535714285714 0.20535714285714285 0.5357142857142857
1 0.8928571428571429 0.671875 0.21428571428571427 0.59375
1 0.7276785714285714 0.3080357142857143 0.09375 0.35267857142857145
1 0.5892857142857143 0.35714285714285715 0.08928571428571429 0.3125
1 0.6428571428571429 0.5178571428571429 0.16071428571428573 0.6071428571428571
1 0.5334821428571429 0.4263392857142857 0.10267857142857142 0.3482142857142857
1 0.5178571428571429 0.5848214285714286 0.13392857142857142 0.5
1 0.4375 0.625 0.18303571428571427 0.6473214285714286
1 0.3169642857142857 0.65625 0.17857142857142858 0.59375
1 0.22767857142857142 0.7700892857142857 0.16964285714285715 0.45982142857142855
