1 0.3794642857142857 0.7008928571428571 0.14285714285714285 0.5892857142857143
1 0.5223214285714286 0.8258928571428571 0.22767857142857142 0.3482142857142857
1 0.8348214285714286 0.49107142857142855 0.08482142857142858 0.42857142857142855
1 0.7633928571428571 0.25669642857142855 0.0625 0.24553571428571427
1 0.7098214285714286 0.2611607142857143 0.06696428571428571 0.26785714285714285
1 0.9040178571428571 0.6517857142857143 0.19196428571428573 0.5714285714285714
1 0.8549107142857143 0.84375 0.23660714285714285 0.3125
1 0.5491071428571429 0.5714285714285714 0.15178571428571427 0.6071428571428571
1 0.22321428571428573 0.7165178571428571 0.18303571428571427 0.5491071428571429
1 0.4955357142857143 0.48214285714285715 0.11607142857142858 0.5
1 0.609375 0.5200892857142857 0.10714285714285714 0.5267857142857143
1 0.7946428571428571 0.5044642857142857 0.09821428571428571 0.5133928571428571
1 0.6517857142857143 0.43526785714285715 0.09375 0.4375
1 0.8861607142857143 0.26339285714285715 0.049107142857142856 0.20089285714285715
