1 0.13392857142857142 0.8258928571428571 0.17410714285714285 0.34375
1 0.5 0.7276785714285714 0.15848214285714285 0.5424107142857143
1 0.31026785714285715 0.7544642857142857 0.21428571428571427 0.48660714285714285
1 0.6517857142857143 0.49776785714285715 0.060267857142857144 0.47544642857142855
1 0.6852678571428571 0.578125 0.08482142857142858 0.5691964285714286
1 0.8058035714285714 0.5647321428571429 0.12276785714285714 0.6004464285714286
1 0.9084821428571429 0.5602678571428571 0.12276785714285714 0.5267857142857143
1 0.8794642857142857 0.5 0.08482142857142858 0.48214285714285715
1 0.8950892857142857 0.859375 0.18526785714285715 0.27455357142857145
1 0.7946428571428571 0.44419642857142855 0.078125 0.484375
