1 0.640625 0.8214285714285714 0.20089285714285715 0.35714285714285715
1 0.8772321428571429 0.8638392857142857 0.18303571428571427 0.27232142857142855
1 0.8035714285714286 0.7433035714285714 0.17857142857142858 0.5133928571428571
1 0.515625 0.5401785714285714 0.11160714285714286 0.45535714285714285
1 0.6183035714285714 0.36607142857142855 0.06696428571428571 0.34375
1 0.9084821428571429 0.6183035714285714 0.13839285714285715 0.45089285714285715
1 0.6339285714285714 0.6294642857142857 0.18303571428571427 0.5714285714285714
1 0.6941964285714286 0.48660714285714285 0.10714285714285714 0.38839285714285715
1 0.7700892857142857 0.38839285714285715 0.08928571428571429 0.33482142857142855
1 0.4955357142857143 0.42857142857142855 0.10267857142857142 0.45535714285714285
1 0.5446428571428571 0.4486607142857143 0.10267857142857142 0.42410714285714285
1 0.859375 0.38392857142857145 0.09375 0.41517857142857145
1 0.8125 0.359375 0.08482142857142858 0.30357142857142855
