1 0.328125 0.734375 0.18303571428571427 0.53125
1 0.39732142857142855 0.6741071428571429 0.125 0.6517857142857143
1 0.46205357142857145 0.59375 0.13392857142857142 0.6071428571428571
1 0.6495535714285714 0.53125 0.125 0.5133928571428571
1 0.8147321428571429 0.671875 0.13839285714285715 0.6205357142857143
1 0.8772321428571429 0.6049107142857143 0.15625 0.6339285714285714
1 0.8191964285714286 0.39732142857142855 0.09821428571428571 0.38839285714285715
1 0.8794642857142857 0.33035714285714285 0.06696428571428571 0.3080357142857143
1 0.8236607142857143 0.3169642857142857 0.07142857142857142 0.25892857142857145
1 0.7410714285714286 0.34598214285714285 0.05803571428571429 0.26785714285714285
1 0.703125 0.39732142857142855 0.07142857142857142 0.34375
1 0.6495535714285714 0.2700892857142857 0.0625 0.22767857142857142
1 0.5401785714285714 0.5379464285714286 0.12053571428571429 0.5267857142857143
1 0.7723214285714286 0.71875 0.14285714285714285 0.5535714285714286
1 0.6495535714285714 0.7276785714285714 0.14285714285714285 0.5401785714285714
