1 0.4732142857142857 0.43080357142857145 0.11607142857142858 0.41517857142857145
1 0.20089285714285715 0.703125 0.15178571428571427 0.5848214285714286
1 0.5022321428571429 0.7544642857142857 0.14732142857142858 0.48660714285714285
1 0.5558035714285714 0.5892857142857143 0.125 0.49107142857142855
1 0.78125 0.7857142857142857 0.16071428571428573 0.42857142857142855
1 0.7098214285714286 0.4419642857142857 0.08482142857142858 0.4642857142857143
1 0.8303571428571429 0.4375 0.0625 0.4375
1 0.7767857142857143 0.484375 0.08482142857142858 0.4732142857142857
1 0.453125 0.6696428571428571 0.09821428571428571 0.45982142857142855
1 0.296875 0.6205357142857143 0.125 0.5535714285714286
1 0.3861607142857143 0.640625 0.10714285714285714 0.5401785714285714
1 0.9084821428571429 0.8236607142857143 0.16517857142857142 0.35267857142857145
1 0.609375 0.6049107142857143 0.12053571428571429 0.5446428571428571
1 0.5892857142857143 0.8549107142857143 0.13839285714285715 0.29017857142857145
