1 0.8816964285714286 0.53125 0.14732142857142858 0.48660714285714285
1 0.9732142857142857 0.8214285714285714 0.05357142857142857 0.26785714285714285
1 0.8058035714285714 0.6964285714285714 0.17857142857142858 0.5580357142857143
1 0.78125 0.53125 0.13392857142857142 0.5223214285714286
1 0.5803571428571429 0.5848214285714286 0.16071428571428573 0.5714285714285714
1 0.49776785714285715 0.42410714285714285 0.10267857142857142 0.4419642857142857
1 0.265625 0.7008928571428571 0.18303571428571427 0.5982142857142857
1 0.16071428571428573 0.7611607142857143 0.19642857142857142 0.47767857142857145
1 0.11830357142857142 0.8370535714285714 0.20982142857142858 0.32589285714285715
1 0.4732142857142857 0.46205357142857145 0.12946428571428573 0.5089285714285714
1 0.5535714285714286 0.49776785714285715 0.16071428571428573 0.6294642857142857
