1 0.42410714285714285 0.78125 0.17857142857142858 0.4375
1 0.18303571428571427 0.6785714285714286 0.13392857142857142 0.5625
1 0.20758928571428573 0.7120535714285714 0.18303571428571427 0.5758928571428571
1 0.33482142857142855 0.5200892857142857 0.15178571428571427 0.46875
1 0.38392857142857145 0.6763392857142857 0.20089285714285715 0.5714285714285714
1 0.34151785714285715 0.8236607142857143 0.16517857142857142 0.35267857142857145
1 0.5848214285714286 0.8839285714285714 0.18303571428571427 0.22767857142857142
1 0.6540178571428571 0.515625 0.12946428571428573 0.5357142857142857
1 0.609375 0.46875 0.08928571428571429 0.4375
1 0.7477678571428571 0.859375 0.16964285714285715 0.25892857142857145
1 0.7455357142857143 0.5915178571428571 0.16964285714285715 0.53125
1 0.7857142857142857 0.453125 0.125 0.48660714285714285
