1 0.37276785714285715 0.6160714285714286 0.15178571428571427 0.5714285714285714
1 0.35267857142857145 0.5245535714285714 0.17857142857142858 0.5803571428571429
1 0.47098214285714285 0.5379464285714286 0.17410714285714285 0.5982142857142857
1 0.7991071428571429 0.6674107142857143 0.20089285714285715 0.6473214285714286
1 0.6517857142857143 0.5424107142857143 0.15625 0.5803571428571429
1 0.6272321428571429 0.734375 0.21875 0.53125
1 0.5647321428571429 0.6651785714285714 0.17410714285714285 0.6473214285714286
1 0.5491071428571429 0.5535714285714286 0.14285714285714285 0.5357142857142857
1 0.8727678571428571 0.453125 0.13392857142857142 0.3794642857142857
1 0.8058035714285714 0.5 0.10714285714285714 0.41964285714285715
1 0.7678571428571429 0.34598214285714285 0.08482142857142858 0.30357142857142855
