1 0.8794642857142857 0.5513392857142857 0.125 0.48214285714285715
1 0.9665178571428571 0.8504464285714286 0.06696428571428571 0.26339285714285715
1 0.7946428571428571 0.7120535714285714 0.14732142857142858 0.5535714285714286
1 0.7790178571428571 0.546875 0.10714285714285714 0.5223214285714286
1 0.5758928571428571 0.5892857142857143 0.13392857142857142 0.5669642857142857
1 0.5022321428571429 0.42410714285714285 0.08035714285714286 0.4419642857142857
1 0.25669642857142855 0.6964285714285714 0.15178571428571427 0.6026785714285714
1 0.14732142857142858 0.7544642857142857 0.16964285714285715 0.49107142857142855
1 0.10044642857142858 0.8303571428571429 0.19196428571428573 0.3392857142857143
1 0.47544642857142855 0.45982142857142855 0.10267857142857142 0.5089285714285714
1 0.5535714285714286 0.5 0.125 0.625
