1 0.7232142857142857 0.3392857142857143 0.049107142857142856 0.3169642857142857
1 0.8214285714285714 0.40848214285714285 0.08928571428571429 0.453125
1 0.9151785714285714 0.6495535714285714 0.16071428571428573 0.6339285714285714
1 0.8258928571428571 0.8325892857142857 0.203125 0.33035714285714285
1 0.7321428571428571 0.7834821428571429 0.12723214285714285 0.4263392857142857
1 0.6450892857142857 0.6964285714285714 0.08705357142857142 0.6004464285714286
1 0.6986607142857143 0.5691964285714286 0.10044642857142858 0.5959821428571429
1 0.5915178571428571 0.5290178571428571 0.06919642857142858 0.47544642857142855
1 0.49330357142857145 0.5580357142857143 0.10044642857142858 0.49107142857142855
1 0.4263392857142857 0.6049107142857143 0.09598214285714286 0.5803571428571429
1 0.37276785714285715 0.7232142857142857 0.10267857142857142 0.5491071428571429
1 0.2700892857142857 0.7834821428571429 0.109375 0.4263392857142857
