1 0.8504464285714286 0.6383928571428571 0.17857142857142858 0.6696428571428571
1 0.7299107142857143 0.5602678571428571 0.11607142857142858 0.7008928571428571
1 0.5133928571428571 0.6584821428571429 0.14285714285714285 0.6830357142857143
1 0.45535714285714285 0.7142857142857143 0.16071428571428573 0.5714285714285714
1 0.37276785714285715 0.8147321428571429 0.16517857142857142 0.3705357142857143
1 0.22991071428571427 0.8303571428571429 0.17410714285714285 0.3392857142857143
1 0.21205357142857142 0.734375 0.125 0.5
1 0.07589285714285714 0.7834821428571429 0.15178571428571427 0.4330357142857143
1 0.5848214285714286 0.78125 0.15625 0.4330357142857143
1 0.65625 0.6830357142857143 0.14285714285714285 0.625
1 0.7455357142857143 0.5357142857142857 0.11607142857142858 0.5
