1 0.5959821428571429 0.765625 0.15625 0.46875
1 0.5200892857142857 0.4263392857142857 0.12946428571428573 0.3794642857142857
1 0.37276785714285715 0.7299107142857143 0.19642857142857142 0.5089285714285714
1 0.5044642857142857 0.6294642857142857 0.125 0.46875
1 0.7388392857142857 0.6160714285714286 0.17857142857142858 0.6383928571428571
1 0.8950892857142857 0.640625 0.13839285714285715 0.5491071428571429
1 0.8191964285714286 0.8549107142857143 0.13839285714285715 0.29017857142857145
1 0.7767857142857143 0.25223214285714285 0.05357142857142857 0.20089285714285715
1 0.8147321428571429 0.4799107142857143 0.10714285714285714 0.4955357142857143
1 0.84375 0.24107142857142858 0.044642857142857144 0.18303571428571427
