1 0.6205357142857143 0.7276785714285714 0.26785714285714285 0.5446428571428571
1 0.8794642857142857 0.9017857142857143 0.16071428571428573 0.19642857142857142
1 0.47098214285714285 0.3236607142857143 0.11607142857142858 0.34375
1 0.7477678571428571 0.46205357142857145 0.14732142857142858 0.45089285714285715
1 0.859375 0.5580357142857143 0.17857142857142858 0.5580357142857143
1 0.8549107142857143 0.453125 0.11607142857142858 0.40625
1 0.8080357142857143 0.3861607142857143 0.10714285714285714 0.30357142857142855
1 0.45089285714285715 0.796875 0.19642857142857142 0.40625
1 0.6696428571428571 0.8526785714285714 0.20535714285714285 0.29464285714285715
1 0.7745535714285714 0.6138392857142857 0.14285714285714285 0.5178571428571429
1 0.6852678571428571 0.5625 0.16964285714285715 0.46875
1 0.7901785714285714 0.4732142857142857 0.12946428571428573 0.4017857142857143
