1 0.5959821428571429 0.7098214285714286 0.08928571428571429 0.5602678571428571
1 0.7366071428571429 0.32142857142857145 0.07142857142857142 0.2924107142857143
1 0.6473214285714286 0.3705357142857143 0.05580357142857143 0.25
1 0.37276785714285715 0.765625 0.17410714285714285 0.46205357142857145
1 0.19866071428571427 0.75 0.19196428571428573 0.49776785714285715
1 0.8660714285714286 0.6316964285714286 0.11160714285714286 0.49107142857142855
1 0.8348214285714286 0.4017857142857143 0.10044642857142858 0.37276785714285715
1 0.5066964285714286 0.6785714285714286 0.08928571428571429 0.5758928571428571
1 0.6830357142857143 0.6294642857142857 0.12723214285714285 0.6160714285714286
1 0.48214285714285715 0.5357142857142857 0.12723214285714285 0.5491071428571429
1 0.8236607142857143 0.71875 0.26339285714285715 0.5580357142857143
