1 0.46205357142857145 0.43526785714285715 0.16517857142857142 0.42857142857142855
1 0.23660714285714285 0.7232142857142857 0.22321428571428573 0.5535714285714286
1 0.5424107142857143 0.75 0.20535714285714285 0.5
1 0.5691964285714286 0.5803571428571429 0.18303571428571427 0.5
1 0.8214285714285714 0.7410714285714286 0.20982142857142858 0.4419642857142857
1 0.6986607142857143 0.40848214285714285 0.14285714285714285 0.46875
1 0.8147321428571429 0.3861607142857143 0.11160714285714286 0.4375
1 0.7723214285714286 0.4419642857142857 0.14285714285714285 0.47767857142857145
1 0.4799107142857143 0.6741071428571429 0.15178571428571427 0.46875
1 0.31919642857142855 0.6517857142857143 0.19196428571428573 0.5625
1 0.40848214285714285 0.65625 0.17410714285714285 0.5491071428571429
1 0.9241071428571429 0.7589285714285714 0.15178571428571427 0.375
1 0.625 0.5870535714285714 0.18303571428571427 0.5535714285714286
1 0.6450892857142857 0.8348214285714286 0.17410714285714285 0.30357142857142855
