1 0.17410714285714285 0.6897321428571429 0.14508928571428573 0.6160714285714286
1 0.35714285714285715 0.65625 0.14508928571428573 0.6116071428571429
1 0.6919642857142857 0.5513392857142857 0.12053571428571429 0.5736607142857143
1 0.8705357142857143 0.6450892857142857 0.12276785714285714 0.7053571428571429
1 0.7366071428571429 0.42857142857142855 0.08482142857142858 0.4330357142857143
1 0.6674107142857143 0.43080357142857145 0.07142857142857142 0.4107142857142857
1 0.2924107142857143 0.7566964285714286 0.13839285714285715 0.4799107142857143
1 0.12946428571428573 0.8526785714285714 0.16071428571428573 0.27901785714285715
1 0.6004464285714286 0.5133928571428571 0.10044642857142858 0.5357142857142857
1 0.7678571428571429 0.8058035714285714 0.19196428571428573 0.38392857142857145
1 0.8705357142857143 0.7991071428571429 0.25 0.3950892857142857
