1 0.4017857142857143 0.78125 0.16964285714285715 0.42410714285714285
1 0.4888392857142857 0.6830357142857143 0.19196428571428573 0.6339285714285714
1 0.6026785714285714 0.7008928571428571 0.1875 0.5982142857142857
1 0.7232142857142857 0.5825892857142857 0.16964285714285715 0.5580357142857143
1 0.7633928571428571 0.4642857142857143 0.12946428571428573 0.41964285714285715
1 0.7455357142857143 0.44419642857142855 0.12053571428571429 0.4419642857142857
1 0.8392857142857143 0.5334821428571429 0.16071428571428573 0.4107142857142857
1 0.8571428571428571 0.48214285714285715 0.11160714285714286 0.3705357142857143
1 0.8616071428571429 0.8102678571428571 0.19642857142857142 0.3794642857142857
1 0.6763392857142857 0.8147321428571429 0.3080357142857143 0.3705357142857143
1 0.8258928571428571 0.6026785714285714 0.16964285714285715 0.47767857142857145
1 0.6629464285714286 0.3638392857142857 0.11160714285714286 0.33482142857142855
