1 0.19419642857142858 0.828125 0.13616071428571427 0.33705357142857145
1 0.30580357142857145 0.7299107142857143 0.13169642857142858 0.5357142857142857
1 0.5223214285714286 0.8415178571428571 0.15178571428571427 0.31026785714285715
1 0.49776785714285715 0.7053571428571429 0.12053571428571429 0.5669642857142857
1 0.8080357142857143 0.4642857142857143 0.08258928571428571 0.46875
1 0.8950892857142857 0.6607142857142857 0.171875 0.6383928571428571
1 0.9107142857142857 0.8415178571428571 0.17857142857142858 0.3125
1 0.37276785714285715 0.6071428571428571 0.140625 0.640625
1 0.5602678571428571 0.6049107142857143 0.15848214285714285 0.5401785714285714
1 0.7566964285714286 0.23660714285714285 0.03125 0.20758928571428573
