1 0.4955357142857143 0.7098214285714286 0.29464285714285715 0.5803571428571429
1 0.5267857142857143 0.5200892857142857 0.12946428571428573 0.47767857142857145
1 0.5424107142857143 0.5758928571428571 0.14285714285714285 0.5401785714285714
1 0.6071428571428571 0.5022321428571429 0.15178571428571427 0.5133928571428571
1 0.5424107142857143 0.42857142857142855 0.11160714285714286 0.4107142857142857
1 0.7857142857142857 0.6763392857142857 0.18303571428571427 0.59375
1 0.7544642857142857 0.5111607142857143 0.17857142857142858 0.4955357142857143
1 0.7633928571428571 0.4375 0.11160714285714286 0.41517857142857145
1 0.765625 0.37723214285714285 0.10714285714285714 0.39732142857142855
1 0.8370535714285714 0.42857142857142855 0.14285714285714285 0.42410714285714285
1 0.9084821428571429 0.6205357142857143 0.18303571428571427 0.6785714285714286
