1 0.34151785714285715 0.7366071428571429 0.20982142857142858 0.5267857142857143
1 0.40401785714285715 0.6741071428571429 0.15625 0.6517857142857143
1 0.46651785714285715 0.5959821428571429 0.16517857142857142 0.6116071428571429
1 0.6517857142857143 0.5223214285714286 0.15178571428571427 0.5178571428571429
1 0.8236607142857143 0.6540178571428571 0.16964285714285715 0.625
1 0.8816964285714286 0.5848214285714286 0.19196428571428573 0.6383928571428571
1 0.8147321428571429 0.38169642857142855 0.11607142857142858 0.39285714285714285
1 0.8683035714285714 0.31026785714285715 0.08035714285714286 0.3080357142857143
1 0.8125 0.3013392857142857 0.08482142857142858 0.26339285714285715
1 0.7321428571428571 0.33482142857142855 0.07142857142857142 0.26785714285714285
1 0.6986607142857143 0.38839285714285715 0.08928571428571429 0.34375
1 0.6383928571428571 0.2611607142857143 0.07589285714285714 0.23214285714285715
1 0.5424107142857143 0.5357142857142857 0.14732142857142858 0.53125
1 0.7834821428571429 0.703125 0.16964285714285715 0.5580357142857143
1 0.6607142857142857 0.71875 0.16964285714285715 0.5446428571428571
