1 0.390625 0.578125 0.22321428571428573 0.6383928571428571
1 0.24776785714285715 0.7209821428571429 0.19196428571428573 0.4955357142857143
1 0.06696428571428571 0.7366071428571429 0.13392857142857142 0.4107142857142857
1 0.7120535714285714 0.47544642857142855 0.125 0.46875
1 0.5089285714285714 0.28794642857142855 0.08928571428571429 0.26339285714285715
1 0.28125 0.13616071428571427 0.03571428571428571 0.12053571428571429
1 0.8705357142857143 0.6741071428571429 0.23214285714285715 0.6517857142857143
1 0.8214285714285714 0.6205357142857143 0.1875 0.5178571428571429
1 0.7589285714285714 0.6785714285714286 0.19196428571428573 0.5803571428571429
1 0.7745535714285714 0.4263392857142857 0.125 0.39732142857142855
1 0.875 0.28348214285714285 0.0625 0.22767857142857142
1 0.8191964285714286 0.2700892857142857 0.06696428571428571 0.21875
1 0.6116071428571429 0.078125 0.022321428571428572 0.06696428571428571
1 0.6227678571428571 0.07589285714285714 0.022321428571428572 0.07589285714285714
1 0.8504464285714286 0.265625 0.0625 0.1875
1 0.9241071428571429 0.17857142857142858 0.044642857142857144 0.11160714285714286
1 0.8013392857142857 0.23660714285714285 0.07142857142857142 0.19642857142857142
